274

-0.559595182071916   -0.49395223799703725 -1.3904900300943068 
-0.33003987573779925 -0.004567545648357707 -1.069315441769253  
-0.4621764102639135  -0.3646732239624687  -1.1589758771621463 

0.5602262229077882   -0.32615761751049444 -1.080135162651212  
0.11193071989572825  -0.5044582314905643  -1.2482689079206533 
0.2745793367686664   -0.5915794592581164  -1.0587205712223993 

-1.451586700298669   0.5620611257019814   -1.2753048440630805 
-1.5136649315741655  0.4935802937044178   -1.4869042518017905 
-1.8640544876008867  0.4514409824555129   -1.6464377599250417 

-0.871987027175464   0.17831097460952983  -0.1042989435810251 
-1.1765535548295678  -0.1827511023330528  -0.4481074015585571 
-1.0674882875625027  -0.14427570739049742 -0.05607080074315185

-0.7642479261560399  1.8390070107437415   1.3403271668253405  
-0.3882053649061962  1.8757821163126749   1.1467391551954762  
-0.5364766467358026  1.475901049888387    1.655491131805826   

0.708869252657857    0.801805902646671    -0.7002471983885474 
0.7106339920042918   1.0758738609952092   -1.132214872070207  
0.48789795338275194  0.8640012221750768   -0.9996398512646097 

-1.112913865840895   -1.7116163975654022  1.014411941054718   
-1.148522013218908   -1.5617078820786672  1.3252554321668393  
-1.094436618654778   -1.5176966814563817  1.3860302370387787  

1.3101005091288398   -0.06194675256497795 -0.6081261746967629 
1.035275730558025    -0.5646522448455298  -0.7799729111599836 
1.290726065313917    -0.47141267287859073 -0.611611030626529  

0.5018947359332033   -0.8021465221131415  0.7171331941148078  
0.5218370202454392   -0.8538571129693063  0.740992461862285   
0.08161066384713767  -0.2993567918129526  0.41106890905299664 

-1.2722947940370326  -0.7101996177177412  -0.907414736199172  
-1.0933992111901416  -0.5409201905511137  -0.9385986748777797 
-1.19480176862013    -0.3807098016882886  -1.0625361734632355 

-0.7027200415478754  -1.926920183382839   1.251391966582471   
-0.6282624318103823  -1.8853762613280902  1.340893363962031   
-0.8889377003358498  -1.959895156212674   1.3232173590962666  

-1.0730712424891753  -0.030548948396906528 -1.0069678595931477 
-1.163299876006957   -0.10414835009992979 -0.6618548109418759 
-0.8802371909845941  -0.1437074859049953  -1.0898515800857043 

-1.1692855787478262  0.8195958766451761   0.1369407451912703  
-0.9741774602447689  0.6264546889108933   0.1805413702155469  
-1.2727922088460997  0.40286766971303384  0.10101000833062251 

1.708133813218981    -0.10292169314951088 0.7946966357201783  
1.7930287292921603   -0.5630396470908787  0.5928754865707615  
1.9872547748399843   -0.25052485619647946 0.8161538585078582  

0.8144885345632488   1.8073224734078877   0.8658051554723099  
0.4868826741759582   1.9199897392690233   1.264705722193804   
0.41994428562463204  1.767746934482502    1.1891868711602203  

0.7239061468347723   -0.7971259016834659  1.3181067442249068  
0.6067933505520297   -0.5534346492040829  1.100920451166144   
1.1000566768431428   -0.7780529577205361  1.3694611547407791  

-1.991234420115271   1.444521997923571    1.5877331227067248  
-1.7243598154549675  1.7702431867918018   1.2383505451650327  
-1.525396052067025   1.7373089180872938   1.623422792458505   

1.4671278754183754   1.8784522133883081   -0.9332099900813535 
1.4522370039113128   1.606765748210174    -0.6765489332713592 
1.7351286823421777   1.6873158506251145   -1.1223840213189877 

1.3354637238930707   -0.7285156061888971  -1.1511416359775979 
1.3886804934459291   -0.5323500278290308  -1.3547294945467039 
1.308390518452732    -0.36134297176225183 -1.052611237785187  

1.5298352295641962   -0.003373689769955779 1.2901506085639982  
1.9679110926133787   -0.17814607860870002 1.2846626221898503  
1.7607306648144396   -0.18528464701097946 1.5135396415589328  

1.116442832871736    -1.1596479351962232  1.5419787196977899  
1.1698898433373643   -1.6608592312780375  1.3547835471199132  
1.284674668232806    -1.2921857745537033  1.24536993958578    

-0.15919266916903457 -0.2166121096375031  -0.4625558216349998 
-0.2513749711995006  -0.3408634502870771  -0.30266211579440466
-0.4033756159540691  -0.09909648043490454 -0.4072654415413856 

1.1171692836373412   1.786085922902279    -0.72519928541261   
0.5801324100785362   1.6254358580658317   -0.7891771042520633 
1.115892052038602    1.7978819933674801   -0.4998265320170796 

0.5809050086584172   -0.8287928386645602  0.6786311487142966  
0.7321282016430131   -0.7329767006634377  0.5922531242805739  
0.7025742304122137   -0.6962333892035567  0.8270005348670999  

1.671533559503045    0.03482933926997961  0.5752492549586183  
1.6522842148566261   0.47605456086244785  0.7260130888899559  
1.3076614427531172   0.4766149875100314   1.077209336509324   

-1.1454394636650682  1.170832690000828    -1.7560019252400019 
-1.7058719219847254  1.3285253465220306   -1.548883361713317  
-1.2434052570316998  0.9883093150260064   -1.4323642441238837 

-0.7043811117577405  0.7655682374004478   -1.6477982405192693 
-0.8134847893124009  0.6291624682456513   -1.5961995364455612 
-1.0189502048907026  0.5950192989936645   -1.8479175099018956 

1.2507355248075185   0.5514955537360787   -0.9653906236613874 
1.6114598053721436   0.5369087094402638   -1.3680209068221514 
1.2681518637181493   0.6678321063881106   -1.1687554132251634 

1.5214347101698733   -1.047451311860049   0.06883687708058212 
1.5439255348128473   -1.0720104960485441  0.1543598267966183  
1.6770800476532999   -0.7718652181058792  0.46184011475499004 

1.4124022392005746   -0.970879357774139   0.942882688620976   
1.2866784443682135   -0.7645268223519226  1.0048252668749167  
1.567146074849361    -1.0243896887125468  1.1071394314484213  

0.7501570234559792   0.5311676339100319   0.6276428339706845  
0.8518581066084596   0.4543085543464417   0.9123650997010573  
1.1133922687337883   0.022184581959230232 0.8668271309281321  

-0.343933921670767   -1.4644943271072763  0.771859187565693   
-0.5579730012104956  -1.5899112923399688  0.5762500458229134  
-0.5516135953527534  -1.683495674280189   0.6879054975278123  

0.8740621366200323   -0.8709164870962058  0.2291350266341438  
0.8732717333908403   -0.8259023475889514  0.34734481987977456 
1.2004708279656164   -0.783244213409449   0.37986379737749726 

0.8756076000290298   0.7643610216926997   -1.0628043769132718 
1.0231846479226447   1.067952819343422    -0.7729391308807917 
0.852623496241516    0.7933401613008345   -0.9627390548652277 

1.993196384643169    -0.27942894711020216 0.4596817841882983  
1.6930173190286382   -0.09646784206073994 0.23978885175617562 
1.7404591670926908   -0.03732508563757772 0.16795708598095757 

1.3005713290188634   -0.9190491153773241  -0.7909288876644348 
1.407270245311858    -1.092387922883469   -0.5208087688658106 
0.8829318216719213   -0.9541656492100413  -0.5404505846270493 

0.550810291086242    -1.2346740775233291  -0.3557949171777892 
0.6236938233991934   -1.0758105638211464  -0.11035517837112957
0.5455484161007366   -1.0771643474919748  -0.47140327118982667

1.070317831902997    0.4422858049508944   0.8025533993785244  
0.6686922214547442   0.7669825824375951   0.6386321515013891  
0.7705513862640592   0.6335647313217507   0.7474592269429314  

0.5342496343672168   -0.6643293251375275  1.4383654548225104  
0.381039209040145    -0.8235356815797574  1.4395497959442214  
0.39976439731720076  -0.3639859256165523  1.2973742986917784  

-1.0144136461707864  0.9729387361364429   -0.8691639295165545 
-0.5884017060536872  0.913126461780425    -1.020252308225039  
-0.8140699435605814  0.9419785871556345   -0.974610657265516  

1.6076057721117278   0.7572562685397907   0.20227440969499855 
1.5932773309766806   0.5760402224968877   0.11329746520102424 
1.6885218400465563   1.0564081407741561   0.10213464297006519 

-1.784940425795116   1.1281854174408859   -0.32513529074366954
-1.8846635307367101  0.8418565142978323   -0.5226535809075772 
-1.9527673881915328  0.8774586592570434   -0.47150349354282567

1.6505516508783897   0.23038636979665064  1.28972918315944    
1.7246114498699332   0.18702732141483752  0.866080718709925   
1.5551397189820277   0.22252930905620513  0.904620715904433   

-1.2016492057369048  1.1090303485006308   -1.1845355822164818 
-1.447194227181492   0.9328062868890412   -1.4346352889967824 
-1.4449515196010325  1.0625380701290794   -1.1604621318319006 

-1.9959578570538137  0.7109073708542215   -0.6925287327330605 
-1.5445825338129424  0.5753275152201935   -0.5841048493748021 
-1.9838171628162637  0.7455554729896644   -0.6890035767229594 

-1.2537008205133522  1.2000086758740043   -1.0077811999655968 
-0.9851672280381916  1.345241370462788    -0.9433471704166597 
-0.9158667436224813  1.2212512256368786   -0.9529713241965647 

0.3000288632490952   1.2138772300842158   -1.381841717973248  
0.5571060291217355   1.2828350511580422   -1.0671740651669022 
0.35393730833883397  1.0218378142424975   -1.2122869034710702 

-0.5051395095731683  -1.6202427488178546  -0.29168776541266683
-0.3492048473777085  -1.7315423160954044  -0.7175545960660314 
-0.0436073695246717  -1.7027720214184647  -0.46059606753067805

0.8171926802677192   0.27493102526298907  -1.420843253693697  
0.8254038495675142   -0.0020016727526553924 -1.578210944341254  
0.7249603054354652   0.026691314652365628 -1.5048193307219195 

1.4938550352303013   -1.8095787193227053  1.1678402345987031  
1.2033048609034822   -1.9829822203710301  1.2559259183357319  
1.2022388600270775   -1.685688896673806   1.4057820551451412  

1.184776265047899    1.3763997619992046   -0.9193632813698278 
1.339311276989813    1.1605929959591763   -1.3462427479944465 
1.2033860069267934   1.5054875853388487   -1.1353331930766102 

1.3597348592061425   1.2555764269862946   -0.16786120702531931
1.212607860089489    1.262771431023719    0.08908818655284806 
1.359449084437466    1.285730066136644    -0.07610300016682522

-0.1350582523425026  -0.6457827042443818  1.4339848148210157  
-0.22902663746688273 -0.3920606181714287  1.7483723814562462  
0.026447982214610477 -0.6397947668995967  1.6367963666441316  

-0.8350617745334663  0.5837670023360887   -0.9123090902108101 
-0.8371923852181137  0.6414491495404644   -1.2126989756114674 
-0.8617412885254331  0.6209703933402769   -0.898458872200148  

0.33554204661892323  1.4543404242623277   -0.2118590516644111 
0.3237508716951717   1.2598443207356373   -0.017732713455114957
0.32313554751834794  1.5284162380145334   -0.27735794383801177

-1.5163536000108588  -1.8732486990298152  -0.3566736775674877 
-1.345428408414648   -1.7088248486329323  -0.5519579171523786 
-1.4117855727234097  -1.5996288161710193  -0.36261482567290326

-1.6734545027189127  1.1862257348653154   0.7727622893816644  
-1.6725846392017467  1.3916287823340328   1.0309192402215133  
-1.8771163649593157  1.6009590670459843   0.8467083060258193  

-1.7755176797536776  1.5115017365027903   1.2909108235001256  
-1.8220861074223054  1.5133956536901174   1.170428692976167   
-1.7714377285440055  1.9279889406831157   1.0380868496823203  

-0.26587837228514    1.221897405343029    0.7596777947644859  
0.20123596670299143  1.2337175045512454   0.7836073719019379  
0.28221743567011626  1.4067389808847919   0.7722156364464984  

1.597026019238239    1.3867389037668831   0.7406670832142355  
1.5442895589602008   1.18887922100846     0.7936920738438517  
1.5311429349142998   1.2648257776376695   0.31363147838276906 

-1.075150638158436   1.0630034222305307   0.9527540147605511  
-1.3753647590150864  1.0505734975961347   1.032855772737666   
-0.9212504417630845  0.6161699487477573   0.7709087461474853  

-0.4926561255010633  0.24843424499213962  -1.2532706922287655 
-0.24656145248443267 0.3623455914234692   -0.9495615572677302 
-0.05379190596734085 0.0627599332799873   -1.0446287491969073 

-0.9953058172180068  1.605611820167876    -0.647002222323698  
-0.9590276407971401  1.8002274427496956   -1.0081021608470175 
-0.6671624612674978  1.702091290932844    -0.9785849475069662 

1.2576509627387622   -1.8488184981028584  1.4821368646693056  
1.625067237641162    -1.4646145567569584  1.5991364724534842  
1.1533699349645123   -1.9999341077927426  1.9856258186461546  

-1.5028384308910148  0.9461977000236064   1.0200506443469763  
-1.6692685925479234  1.3899054622880014   1.070552062538858   
-1.380041200647215   1.3866178668798494   0.787341446029502   

1.5328247087799058   0.994541814014799    0.8267151754941756  
1.9240017769805853   0.5854777308273896   0.8517128231157705  
1.973032226887162    0.9939029535653809   0.6119291438368948  

-0.35251243993003695 1.4767979235643798   0.913191976078086   
-0.32671876815816353 1.199418955773349    0.7731384243864985  
-0.03492218437874983 1.2429570004742994   1.077376050056646   

-0.47802249347741055 0.5641054318595975   0.4123458819952883  
-0.4077357970138877  0.11936157305816572  0.5919457506116917  
-0.14803659229883254 0.39673239219192374  0.43481232401131215 

1.2138752061642513   -1.1596969759290512  1.8783114207161127  
1.30619134135368     -1.3961801746007625  1.8399126063471496  
1.4266131724720998   -0.9214360293472843  1.6273724270879597  

0.023729879944582533 1.3141613161163068   -1.3457790924630317 
0.5203176600240723   1.1406978903065204   -1.2445384303136642 
0.4764043734537903   0.8762885436864536   -1.347145396049025  

-1.2952450722973405  -1.2209866070407651  -1.781799324757479  
-1.360935234861294   -1.6690188917659432  -1.4297426837680882 
-1.5445605564211444  -1.2585013626571906  -1.989248640612614  

0.024976462603860272 -1.7891122517487799  1.515408041967893   
-0.08210669329305306 -1.7779614144239588  1.7263044784263855  
-0.1775745975554896  -1.8452307043156688  1.9263125674070978  

-1.1841144449597225  -1.609202509486917   -1.0934245449314974 
-1.098113718430232   -1.9104646817758173  -0.946086317802983  
-1.295564600744944   -1.5018580536012398  -0.9852668477293813 

1.455163339815883    1.0028324375037034   1.384434261841186   
1.9636367737339695   1.3608263484099883   1.645842980261155   
1.618834422037827    1.0072794655080957   1.2248672537296617  

1.6482939976521371   -1.6610829919341694  1.2451452747409693  
1.64889898914688     -1.9836361897565435  0.9175180525729424  
1.7241788949628856   -1.701784302716119   0.9267988655244817  

0.3575331043401742   -0.38237851409865153 -0.5972369358189354 
0.05676436386538114  -0.2651088286824732  -0.6511927860107318 
0.234993416883373    -0.24398945461985572 -0.8499621275449929 

0.17513303011537712  -0.026014332400851603 -1.2490513344408045 
-0.1341795288478767  -0.18103979276466708 -0.9065137962779222 
-0.27455750087930153 -0.33427125360055665 -0.8837467375148804 

0.42212065825593575  0.8421719119902027   -1.0960016051713184 
0.6873609357271679   0.4275314427685257   -1.1385758875348966 
0.6441044718074848   0.4304737201561649   -0.9890455879230879 

0.23157675988572402  0.35608775141074506  -1.0065208492947255 
-0.013681265129724118 0.5189171171577971   -1.1630701277847941 
-0.22885983838282042 0.8049598455547373   -1.3831690229492088 

1.5974558643482324   1.0906349281350314   0.5949074633115241  
1.970682597704326    1.02337285803039     0.8059847299881208  
1.720766255171686    1.2147314441127912   0.4810546963138842  

0.3267656446150145   0.6798040812815471   -1.232047986749019  
0.13962171146531832  0.4766723996477549   -1.4375153838445232 
0.08228399538543732  0.43732435252075597  -1.5643911429513178 

1.4699307097328795   0.551507262598132    1.5269237302054823  
1.650845716278868    0.11398358796077862  1.619513271161586   
1.5387305579285693   0.3296046569105254   1.687094968659423   

-0.41747438879582566 1.1893320128360114   -0.9369708114176684 
-0.41433956112274223 0.8884299018273457   -0.9675077902427296 
-0.39018512048246745 1.1860962613898511   -0.9138392171601152 

1.1601863888629      0.17617300069345104  -1.5428211653552935 
1.2360738973397147   -0.2723455302081859  -1.8763984813534504 
1.6956468180426136   0.1066320738653963   -1.507339803371548  

0.6174440425824628   1.209133826472308    -0.7786794139385695 
0.4771926463661078   1.5451584370619353   -0.9720636245602828 
0.4821940170232237   1.6599599762726553   -0.8452530341189644 

-1.595829176989878   1.002491113252885    0.4119528779698227  
-1.6010982304472616  0.7557354949314836   0.01695980854895579 
-1.4028674965424508  0.7391747773032373   0.007212692139352106

-0.5118288723832707  -0.8005614154700176  -1.1360574930809033 
-0.5457447885872431  -0.7874510335432601  -0.9150183761826579 
-0.43836089614516416 -0.7741176758383548  -1.0289573855351997 

0.42046163654626445  1.027412785981555    0.1381854149650356  
0.5129047318928089   0.9205877312471056   0.006771075397647763
0.13296270777564706  1.1412415652854229   -0.1745070595336543 

1.593008084981587    -1.1302236693748835  1.2886284879932255  
1.6228050329110102   -0.5962142147686657  1.0975142926393713  
1.9162408532886386   -0.99251885166551    1.1534424094906202  

-1.7968444537855024  -0.232178662673254   -1.5816261734684351 
-1.9049700633266873  -0.046278649168782715 -1.5934552217611164 
-1.5430590020511081  -0.19946507445429718 -1.8478594286176109 

0.3104538654440053   -0.8786625069657594  1.3474354547115588  
0.4316154511317055   -0.8802443924512007  1.647433644676172   
0.5076826023915613   -1.3947157385803295  1.6697057410195992  

-0.06299951815463636 -0.6926836130500773  1.6537071975989661  
-0.08024165663705071 -0.9798132045102641  1.7120656790848774  
0.2807194604787884   -0.6626317948078946  1.2218984029238307  

0.8176884991249995   -1.2865435746863776  -1.6833803022438287 
0.8015327194755765   -0.878181430036723   -1.4247398930509223 
0.42014746231589156  -1.2178450091282202  -1.2749263499680827 

-1.1354419747708675  1.1111626107041392   -0.7207492248323201 
-0.9817763045913822  0.9734589914138045   -0.5858671941669764 
-1.104637659224852   0.8948251868948034   -0.755343192130592  

1.0837016850431456   1.2857663419010004   0.14543290595668829 
1.3115139570559575   1.1215039709676633   0.1797509784019456  
1.0665414764521473   1.3799358445332692   -0.2144387692531271 

-0.5034290539255768  -1.1714458442107427  1.3430807862896035  
-0.11883956192783623 -1.3812257302575273  1.3742696418868368  
-0.019222023812783262 -1.4514360593621172  1.1997562973765847  

0.4341694473097017   1.129497877200641    0.5264310482936209  
0.6600383983041014   1.0157613836028059   0.05536571936475859 
0.4178494769110599   0.9085334055866097   0.279299662051085   

0.7615283791997902   0.5954311522924891   0.025298845403403714
0.6773148001173699   0.7837200668745298   0.01957340395153756 
0.4316254639076501   0.7596257212058561   0.3131746208430714  

-1.0574146831060944  -0.42592183584675647 0.8563223416868676  
-1.186644668862655   -0.18261304220277985 0.9726314174115476  
-1.2597525041903563  -0.2908315497648059  0.7683522999940188  

-1.1957606490044776  -0.10576386987868608 1.2653064696657772  
-1.6189651613146225  0.2662933045540148   1.4454349464081049  
-1.5950484910143645  -0.2729862574883078  1.2576810173353452  

-1.334324369771017   -0.8397782652703569  1.1202672301316947  
-1.212441554512008   -0.6993017332659617  1.0794701797691433  
-1.640056588157322   -0.7191719355224787  0.7502056226113605  

1.1876819420943812   1.3045037290810124   -0.20771401115692845
1.383637665485838    1.1430303377470334   0.16415166847322826 
1.2278536879031707   1.593455763554396    0.03396694704009179 

1.6620629867807521   1.2562312195247225   -1.2790514214075013 
1.6911556821373015   1.0470088818953025   -1.3153598470731012 
1.7228223033437908   1.0884403835887306   -1.6877528190841016 

1.1045842012365228   1.5481187319270342   0.08947880581724998 
1.0402406620454174   1.874343542237454    0.4909457793983088  
0.9616105952178057   1.6390685359496568   0.42727691068067375 

1.0199689097757678   1.6330707904656092   -0.810134863932947  
0.7194043118554407   1.7166767452934195   -0.740532781244793  
0.867778953175528    1.725788790532928    -0.33176298576647456

1.4875786197254255   1.2011683519145304   0.5327849405319478  
1.6841819241598184   1.3811053651653304   0.5266444363517044  
1.5900627656880268   1.606667538273636    0.6767045014163127  

1.836293688436491    1.2829805309666111   0.6301640740991484  
1.6173555324386677   1.2169988824035274   1.1037697448000985  
1.4298941878804605   1.644830628219048    0.8715935649184692  

-0.628579559462286   -1.7540070404962613  0.2638652962067476  
-0.5731434291667832  -1.6365361096841848  0.07411766952974352 
-0.8554734524786902  -1.7054419588775034  0.16764745383142154 

-0.40339219726976683 -0.6128168183395871  1.6236922179711495  
-0.3541496933340041  -0.5958612328750865  1.76637191081729    
-0.4885605143624695  -0.6950580844279678  1.5899466594443052  

-1.5888765898252208  -1.680355393948436   1.0915298437797225  
-1.4493114183500282  -1.68825399048525    0.6984581023166213  
-1.2812805084042718  -1.1819721515559038  1.0584939350876215  

-1.0357072360387531  0.7613205766897221   -0.4204349372811418 
-0.7926445774789779  0.7600924972229623   -0.12512675928478018
-0.7604159571443505  0.3162228325092436   -0.05593775629290865

1.8353402903296652   1.0506180552914808   -0.23977057072270874
1.540315751199699    1.2277093709924423   -0.27519053570409835
1.7827266947517013   0.9874803892495138   -0.2530202479372303 

1.5966459771230799   -0.3966081810826722  -0.2574830665684713 
1.5820657364228439   -0.6664899198962085  -0.4540539676405798 
1.478790082202646    -0.7888020162616887  -0.14229825488796205

-0.6536226835794963  1.8772703735793406   1.0353862003470709  
-0.5964151932593921  1.7915047573943934   0.9960179680149042  
-0.6040716142694893  1.7954070105603077   0.8224913702567855  

0.5239206103422231   -1.5217970248870663  -0.4821669837278013 
0.596564144180705    -1.4224926825421638  -0.3995804356359852 
0.7851208712282001   -1.1850086705563478  -0.3975636418388797 

-0.9890054455099384  1.040916120249335    0.4145977094843548  
-0.8705270858802459  1.1219653753049605   0.14703605231179495 
-0.66113097707708    1.346092770739493    0.24296736248834197 

1.9362333217556964   0.6931370464845636   -0.48788403944845987
1.9439391582020467   0.6895658114222493   -0.09353958555489955
1.5836745048307699   0.4586710840983348   -0.2988156667509894 

0.4421066684976821   -1.0866929323109973  -0.41009200908261745
0.3474528476057884   -1.0761059221843283  -0.2995025556259086 
0.8148476079675095   -1.0645144555052544  -0.015023071533826649

-0.38471465888072787 1.656813119180543    -0.6104713465336576 
-0.5769190029933744  1.4426978655769276   -1.0536659114590083 
-0.8124991256802896  1.4172516372988844   -0.7062648494780868 

-0.4591723269996053  -0.08199770516425472 -1.9459733321095116 
-0.1396967188685364  0.22558722090819838  -1.5349543447575178 
-0.1272083397530293  0.25349551892563293  -1.6468691064718033 

0.9967276717928083   -0.610288905996894   -0.7061606266368391 
0.8751183357432133   -0.5328597839553029  -0.7225810777986823 
1.2409415060465143   -0.5170540343205907  -0.6530416379529288 

-0.40198622225900627 -1.6182678331358062  -1.2829143934890324 
-0.7323881193788012  -1.864238260731176   -1.2548730857725288 
-0.32385971394575397 -1.644557192805172   -1.0318365197826793 

-0.8902948532031743  -1.7910867340647172  1.6655089156446357  
-0.7975196570392893  -1.8272804866998713  1.3877589584429504  
-1.0098488245056398  -1.7473471777894962  1.6258346341090482  

-0.9731091219968001  1.6869189439524237   -0.7062119199712945 
-1.1535990938367662  1.48897959814891     -0.6301670965536761 
-1.0364794553278562  1.7138711654275678   -0.8171991646373215 

1.115849724475212    -1.2271407850646865  0.28229947371692077 
0.6815080984375126   -1.6425986608796852  0.06235314162742245 
0.8444527688011314   -1.6943623619546972  0.11423889464003828 

1.4319374995361427   -0.4137022729593059  1.4536730747749091  
1.4199989764610037   -0.7541931831617799  1.6618044350452046  
1.330456202750875    -0.6955082768716012  1.9123894704832702  

-0.6104020160974698  -0.7641314732622259  -1.6457797124736318 
-0.8148074038845448  -1.0203117754684083  -1.3828503146722735 
-0.8322651446871692  -0.599562516816614   -1.6366291712281413 

0.4248352939563572   -0.42301423480589706 0.33193120313926777 
0.6489761481338773   -0.1929648639766075  0.1724053428956172  
0.4785841095689853   -0.5118259255472493  0.09903950299074701 

0.36027323709079073  -0.4608472813058346  1.6971532414491344  
0.22041944935702878  -0.8393610438368033  1.7108849338525587  
0.14111383493774143  -0.8193160547615489  1.1582906128315122  

1.2907388110922735   0.20262385609297745  -1.0391242978730975 
1.4798609020708704   0.0012174872131806014 -0.8895968664645747 
1.2359880826375151   0.5067460268200088   -0.710907986103903  

-0.6793552283960438  -1.4403457282869054  -0.9548397128283717 
-0.6822573072567629  -1.6609406521371084  -0.7684774336627669 
-0.7752001807550446  -1.8075172793139165  -0.9637694911230759 

0.685105950353005    0.30112732784676305  -1.3242360268765838 
0.40823041920767117  0.7035271713938325   -0.9608136495739767 
0.7776751386727614   0.8002061772140062   -1.2497497390472727 

-1.292054334691802   0.5048533072108213   -0.5790022247249104 
-1.5021992443903658  0.3824322874808902   -1.015282641189367  
-1.558924147776432   0.09340686266964213  -0.9838528612577165 

1.9833869407507032   -0.6259270456008477  0.5406856015261856  
1.8288653918167939   -0.7270246398136401  0.5589807550335684  
1.9998279277773667   -0.36940954944567495 0.6783966364750555  

-0.974770934460758   1.675753673785601    0.8587435989596357  
-1.260460727910224   1.450027634132554    1.0768948754125296  
-1.328796037936914   1.4498575356166754   0.9415297280615279  

-1.9003340982665788  1.4309852981312479   1.2271161121463885  
-1.6033978166882576  1.2661549917920676   1.4930892990975897  
-1.5359469765687934  1.6345934371342414   1.2254004155431133  

1.0413009210647952   1.4217211342426626   -1.1253304323018156 
1.139770728358128    1.3633326167855      -1.363210081559592  
0.9888082934718189   1.702703053838341    -1.0518333375221434 

-1.6942470132182477  1.1101462270700857   0.19331015480596797 
-1.8760728055553677  1.135617787759233    0.40126764403680665 
-1.4543904840596058  0.8419563761313056   0.5602773207142003  

0.5702099553845277   -1.3954188803712289  0.0559759221541446  
0.34239467832007586  -1.2556265767893422  -0.14383115134530725
0.33312260231163177  -0.965940946777921   -0.06455225243339424

1.3180561827259394   -0.7442935056147078  0.38302819362172214 
1.4989537619117124   -0.7355266255082158  0.43486789242656776 
1.5803583916718267   -1.0150187558956012  0.16968450258090112 

-1.2963852579527568  0.5693355047884279   0.3801194188277388  
-1.6174498908925343  0.3186754242149547   0.6302202332800122  
-1.6963125540982267  0.3975370619585519   0.3600113564500521  

0.37069288692288827  1.4416003073445847   0.9657194789845608  
0.755974099027737    1.8598738087936075   1.421014022299233   
0.44175062105000307  1.800128751892037    1.003889684754097   

-1.6446019477052054  0.5704512801108352   0.4307638432728342  
-1.6261276760185055  0.5612831000817982   0.3900783722842133  
-1.6680400696082542  0.5819593248191104   0.1311328183215511  

-1.1332538155343006  -1.9123829311820062  1.3784798223217878  
-1.3371207423764135  -1.7526132125475287  1.5953471081178814  
-1.1501266469008997  -1.5760256148981324  1.288196278400073   

1.7808770415307873   -0.48773830091706005 -0.09639097628170323
1.8825715818552287   -0.2927509142443273  -0.22463326834556557
1.9119423192224134   -0.48692567138402465 -0.1525445126535555 

-1.2755447969915896  -0.6314472089986598  -0.25859547240086855
-1.305415213987806   -1.0269635443625276  -0.18155602018362205
-1.559516592074484   -0.7544773062511945  0.22399002525351464 

0.06789034444060532  0.6716110234143942   0.2301207931102952  
0.25268409457669194  0.7488226305349552   0.42533228142738433 
0.16289664776626417  0.4293917258740323   0.30931846270299196 

1.2290823688094417   -1.6734354028571732  -0.23160838379722476
1.657538675249373    -1.6059672619462897  0.20064963315442363 
1.5507471565412438   -1.5983085680921936  0.059312740150611276

0.7587821022847687   -0.5549224177408081  -0.03997547242072741
0.4167665964332238   -0.40679180693724615 -0.25124852745161563
0.38808678620696396  -0.4795129248646581  -0.12646583608131046

0.605976891161197    -0.9073721921282296  1.6361912968761534  
0.3130664176062844   -0.7149265740528077  1.824404281257151   
0.5372946921509578   -0.8774582792366368  1.7729204665116316  

1.2906392286450032   -0.6589750001022233  1.09721678947549    
1.418249558726124    -0.3000166049013584  0.6142683901107138  
1.6127264435400392   -0.5934399590194687  1.0661516522133057  

1.6145567497169662   0.22065572760511887  -1.4143217394056802 
1.7384194205781123   -0.042649713293082564 -1.4859197754636213 
1.5171970389212683   0.07199336806195655  -1.6646680324601426 

0.060545877325252545 0.6665697185900046   -1.4985844789750105 
0.4230467356048615   0.842642093891319    -1.9629095001397303 
0.01847420580532244  0.6119738231945636   -1.4628845887430313 

-1.2546201844753548  -0.9896731341324702  1.3993182933230415  
-0.9546745961324323  -0.9061556674601573  1.1962108367779833  
-0.8767809553046451  -0.9178883919442651  1.1536528350860773  

0.5997361959668469   -0.4090433605948941  -1.1224742396634817 
1.0468543808798234   -0.10828091699450576 -0.6905530453554667 
1.0152104328588782   -0.46331793088025564 -1.1348601038235842 

-0.09361902240761286 -1.2859493943468083  -0.7190120351856022 
-0.13937195288186313 -1.2874487097259106  -0.9558301711897097 
0.11468192258595078  -1.0708123682316155  -1.1024968974136709 

0.46717281173980696  1.218055381225176    1.7048197383575456  
0.4330298204276645   0.8697739916046734   1.1725344332999477  
0.6920607794166046   1.3767544213204408   1.5880528557681433  

-0.03539162564333981 0.7596450985769228   -0.42783695445392933
0.020487125797378603 0.8230175848655658   -0.07606131002477584
-0.05465379261455869 0.32778075188686606  -0.33459707126496663

1.1667471362688473   -1.5593890668220014  -1.5974351539857798 
1.3213107523060459   -1.6502003463464008  -1.8062158830210344 
1.2308614985146096   -1.9194259700719853  -1.4920362748498905 

1.1140848979549258   -0.4395063281679047  0.8798761609436534  
1.1574922985884801   -0.7358165967185857  0.722995554301683   
0.8800512546850808   -0.8292618342068134  1.035444684507019   

-1.8257244982340692  -0.10439282728073312 0.12625509347939332 
-1.720470614294327   -0.44878994214676815 0.39202689207225283 
-1.7139403957809698  -0.33236002825186794 0.21311933848577205 

-0.03983330915456662 -1.5032856104795087  -1.1727256086065827 
-0.35957913912514317 -1.5118635522764754  -1.5161527518812825 
-0.2896888803401691  -1.7635928249306858  -1.247764308907507  

0.09654559546177433  1.2880506288425253   0.9153869170145754  
0.15647225201402204  1.3822464489808663   1.0273405820997215  
-0.03150896647660917 1.2556463049416875   1.0909427503565658  

1.6259588364692812   1.7049917831854242   -0.03714171456242532
1.543793004021123    1.4361742584485333   -0.24278196300734495
1.6923483008450115   1.814246481719055    0.22086933002878417 

-0.8806191549659492  -1.351588481395966   0.9836159431410856  
-0.9374901755180913  -1.0715103895972369  0.8442165185283479  
-0.9751043138925122  -0.9422450944423457  0.8670839491398892  

0.5544073476773256   -0.541215408932197   -0.5178128652083115 
0.3555763878467528   -0.7460147438883388  -0.43470564787324106
0.46321782248314436  -0.7362158625563908  -0.5039692971506575 

-0.22927441145562696 -1.3010592202370503  -1.2712695104787355 
0.1008102578335604   -0.8898564759455266  -1.263249881135411  
0.2559157722986898   -1.312332793030264   -1.3238854360484826 

0.5257186740922004   -0.7723678467564536  -1.322674432375588  
0.20158973982583694  -0.3046873248538332  -1.5874038463922802 
0.1837829264734518   -0.7255914364561669  -1.1568359698572928 

-0.4230691378308076  1.47430578859289     -1.5311829239089287 
-0.38702241900165174 1.8156130971592028   -1.4891740476557882 
-0.3509162458044065  1.494176831755015    -1.8566753133774085 

1.5199111395853355   -0.8199392802882393  0.8683756698915794  
1.7110934543904095   -0.6852339134295855  1.2883147666248977  
1.9021589042830407   -0.8530377797620556  1.243448179939864   

1.0312708772535784   1.0014388797933966   -1.8634320289525703 
1.4186362958550673   1.2246792330474858   -1.8035451062274062 
1.109334825777258    1.1533260026137035   -1.6023405975065492 

0.8209566588873455   1.4665565984347686   -1.622585345955861  
1.0454006100115316   1.967530948293636    -1.6477653443611389 
0.9534528695745887   1.9312376075273112   -1.5067772541705555 

-0.3696747802427882  0.7850487388101374   -0.54988367674219   
-0.5007385551147598  0.6075510358266989   -0.48327579722385816
-0.5191288215719976  0.5633161083926972   -0.4070112231902098 

-1.3786091412537833  0.9242001279303838   -1.6623567470173624 
-1.5393249728921512  1.3745477397855819   -1.4053845549726827 
-1.1635532821323924  1.3830540963857785   -1.5027226476498816 

0.9297887573328362   1.6368669051229185   0.8456814566677511  
0.8163605844632473   1.2500207501499632   0.9306146415661547  
0.6457856493351324   1.6055671609410804   1.0976597475898475  

1.4723384968607975   0.2699519121556332   -0.7859820220637683 
1.672650489777384    0.24466570382833774  -0.5765384648772588 
1.5617101869915735   -0.057557517891784205 -0.629971388066525  

-0.9764300141220831  1.476816222479864    -0.7809814213615656 
-1.0380428167518163  1.4578987351530683   -0.9288207365386841 
-1.34828835664854    1.5339254841691332   -1.1168159667676405 

-1.271429135645742   -1.1174855506375936  -1.3463466408968185 
-1.0207341342263783  -1.3764757033135497  -1.3242215008572629 
-1.32657471210884    -1.2221349127435428  -1.3721564293905621 

-0.781582914445986   1.019334438002695    -1.436912903711241  
-0.5204459174961753  1.1475026382579563   -1.6558366015541441 
-0.676579382393173   0.9536184769686216   -1.2541502211269928 

-1.7879916982540591  1.0191571048047499   -0.4661578084992596 
-1.8977530030289218  1.2761228090461376   -0.15872295211571763
-1.9154699469781544  0.8797820549952586   -0.12567166432340315

0.06631942124561391  -0.5970953992441057  0.7212297914578254  
0.16523113864084615  -0.6949087221930672  0.7183431571646186  
-0.05079311833183178 -0.7922863174248437  0.37086702480344563 

1.4442970323817854   -1.2272937706389362  -1.857129389316329  
1.1475018543455326   -1.4160065629579917  -1.5344219852633527 
1.7030172243417354   -1.577579493864938   -1.8895519071377078 

0.8047208245648397   -0.4023110901720199  -1.8383424894512768 
0.7089681973700681   -0.3233144713494467  -1.8608754428970333 
0.7757918313026144   -0.4608816761687573  -1.9518469185573124 

1.8086832401936972   -1.7418109626173222  -1.1434903790599105 
1.7348893119248818   -1.9670469972098055  -0.873361804510126  
1.540302655282492    -1.7783096531347864  -1.1136436480014047 

1.0474510703602438   1.656187255700389    1.5300301154273912  
1.1173269297514778   1.680609968476566    1.5063968592154167  
0.9274020414521161   1.8357208971173635   1.428486146709667   

-0.819165501071767   -0.6752272450376535  -0.5400634856349493 
-1.0933999367987477  -1.1103542914712783  -0.241315140716665  
-1.0289139555631015  -0.9760713626955771  -0.3766328703399721 

-0.6703085131399968  1.4096565042514417   1.4413102963430622  
-0.6341700975750612  1.2232488791028509   1.3830219341509737  
-0.5599582711317304  1.3314457851849621   1.3906883234586118  

-0.24078052234225317 -0.4883247709195049  1.2992745476484986  
-0.2804651717444814  -0.4397493285350176  1.3710373377942013  
-0.11393929843674255 -0.15572074232177985 1.326005225021107   

0.7402154727892658   1.4622738462308922   -1.3679742021285097 
0.6308103767122446   1.4957127273391722   -1.3788903441613813 
0.5957005148126002   1.469782140272176    -1.2521318309748102 

0.8909702824962106   -1.2089429479263898  1.657162423820536   
1.1496036493716182   -1.6065108841080633  1.274170655770023   
1.356668332255429    -1.6899697341048097  1.3723784409657453  

-0.6482780570988084  -1.4978334344265682  0.7394709271790699  
-0.5670365179502401  -1.4996601566670849  0.3282189258897733  
-0.7782214039356956  -1.3031747771193156  0.8501230473408459  

0.31620547978756675  -1.6992426514325172  -0.6364000719335976 
0.3113082240517397   -1.6708136469454626  -0.785644363203633  
0.34835398897412717  -1.1663478160339578  -1.1143487701162256 

-0.604122913182567   -1.0465083385462508  -1.431057522590796  
-0.5914999073017253  -1.1855795057192147  -1.9991778559576372 
-0.38771997214171666 -1.3096564136777669  -1.6077121847915588 

0.7987148013133704   1.0872452514778197   -0.5063940729210471 
0.3829430581667486   1.1274455235808323   -0.466665791783399  
0.6861647475942039   1.1329594657237751   -0.5476289905941429 

-1.7785442486910248  -1.0006284859723502  -1.789771362447208  
-1.4916039662079676  -0.8824203682643342  -1.5939592355552596 
-1.9193705677080617  -0.8970585523320327  -1.4843710560848908 

-1.2029793421446733  1.2369436124469115   -1.072923558570726  
-1.4016338403517636  1.143174937352037    -1.034345475589551  
-1.5628452271139985  1.1113937678270283   -1.3606673806228635 

-0.3946240309619753  0.6238573385099622   -0.02223672559420542
-0.203583983421245   0.7371959126307359   -0.11935891290057143
-0.4758030578288588  0.6371810079611431   -0.19255209241331145

1.8144872455995746   -1.0669625148115465  0.28793679206343875 
1.8103047548165214   -0.7137559115399793  0.28255096455711515 
1.7207184144611625   -0.6517927949636675  0.31395570422138847 

-0.6766161083286514  1.2235414706888896   1.1694732033891355  
-0.5719915569311312  1.5699959006869086   1.320182437869194   
-0.7040011816024161  1.3590893990112782   1.1643267343600572  

0.4519285944955846   1.1539122302238534   0.9569010167026355  
0.5511717313277241   1.0044747264266949   1.1192478148391067  
0.5517581561266792   1.2885419309742607   1.0515274707580646  

0.2453733744258445   1.0928786585560961   0.264665710647695   
0.18170835031707905  1.0393748200330293   0.4566353751309481  
0.24054327495287917  1.190954368604147    0.5651815331438576  

0.2749941189064147   -0.6636288870093041  0.4216725858595224  
0.16044895769352158  -0.6834678834198311  0.8306466744886302  
0.45355992573101794  -0.5527419957288311  0.3694028411463313  

1.5923031177780556   0.09253944357156924  0.1286475393764904  
1.3717800807130203   0.3711887347643693   0.0003390392094538841
1.4329252707205142   0.41544478855318034  0.0975838830860064  

-1.1503888217424483  -0.5351514719287287  -0.049154998038140774
-1.1763551934322471  -0.023225788618242427 0.19463219305307006 
-0.9630524008496135  -0.30099650616939455 0.128415355557372   

-0.86648975224107    0.05007389225978143  1.018596093277945   
-1.3323477389844642  0.26053280378665933  1.1122237369780357  
-1.0151718761206265  -0.09162543677237237 0.7817455470384704  

-1.8322458403771111  0.04956409139693274  1.6478965358872197  
-1.8650614322434327  0.09271395380038239  1.5059654024961595  
-1.6294929502074345  0.09067957411870053  1.3938709239714222  

-1.014122794046474   0.3258726913828588   -0.560322481352506  
-0.9354559260360996  0.6972822987739284   -0.37093896782861197
-1.0279286106891543  0.8291676865666467   -0.32181673594206195

0.2155033517976006   1.7443259998131384   0.7791124187849645  
-0.06792144887580584 1.7713334341667095   0.7834636350786648  
0.15951657682383452  1.9892428557647164   0.7550547646112555  

0.09961123068046118  0.5306248957476255   1.7100469806805665  
-0.2145277051641245  0.6437287647464325   1.6465995936897204  
-0.13555028304120198 0.4783061464030906   1.4873251123709164  

0.08641195158351633  1.7615383195441212   -1.318882175306807  
0.09633125082070387  1.4563942335848987   -1.1285970241572771 
0.0010474673013750602 1.6776929997333923   -1.2136588591531894 

0.41895510025096994  -1.4417669745482713  -0.948448790303036  
0.8082205758173487   -1.4518612240644149  -0.6147491857093769 
0.694349623420168    -1.5750722190967885  -1.0816284383679808 

1.4308364878399151   1.40705091199517     -0.779208297988955  
1.877767112745566    1.1435522058624232   -0.4407913096689404 
1.8196448832313623   1.6757998087238848   -0.5408045745618342 

0.3092488780057921   0.09739191120435647  1.0567088704745389  
0.34954238051300274  0.3656334726056378   0.9829276158697368  
0.5089387228621145   0.3266978397123582   1.2239055945051698  

-1.9615743214224128  -0.8005602974402031  1.5135678164877326  
-1.732075956725842   -0.4758735045125486  1.6519119102854787  
-1.9678068689052806  -0.6464479455875849  1.48481630659745    

-1.2417290325723882  1.098041307825173    -1.2190274140911699 
-1.135976379046179   0.89575485271198     -1.3140820670101911 
-1.1395275558680944  1.2484467830407402   -1.2346992240661099 

0.05477821167746161  0.6673874957057484   -1.6349011538883822 
0.26723199290850763  0.6046967676758519   -1.368800471077212  
0.21546423295363784  0.48998258825033786  -1.634662484782246  

-1.1839564511053433  0.6102329721012625   -0.9555050872918187 
-1.2213773268564259  0.9660341970962413   -1.2654179938193062 
-1.3585683702110116  0.7537088786831064   -0.9215240047142784 

0.4913008554836906   0.4792331875469548   0.20615812185145388 
0.43965669373809435  0.7307655254508322   0.03922022572621492 
0.5161644895778995   0.49098080446116454  0.22956887529741954 

-1.1983215088521548  1.4771009907096342   1.2907851531368728  
-1.5974647480309758  1.6709603470476666   1.387374062584178   
-1.5735405267583045  1.6992404510253216   1.1553319222296037  

-0.9732190120702664  1.252192360863839    1.1544687461846312  
-1.4076970696331261  1.5187353513866264   1.1832878310091945  
-1.2243184765852737  1.5496919695273652   1.3026404907489904  

0.6747743010433865   -1.574807654327785   -0.5698772959656457 
0.5634933656272871   -1.2585713650220556  -0.4886220886860622 
0.3569529891546881   -1.654437361434722   -0.3998554903334135 

1.5310818021173302   -1.6111761099488804  -0.24346200139729562
1.2440749274432341   -1.7324055739322302  -0.006634258757205136
1.4057597801311537   -1.7948886343374222  -0.2138262983129917 

-1.4863764212007609  0.2649192472527146   0.3860754365338919  
-1.810022555705348   0.10809765318768483  0.2510595645747499  
-1.7811562310975855  0.1779588803469685   0.30882257788619594 

0.39738189294726994  0.1565584713388034   -1.670076641728514  
0.5238232969272251   -0.18768644344155566 -1.6738857711356625 
0.29107700247889406  -0.2129835640555925  -1.9529008205555742 

0.1742776168196267   1.1390939475078943   -1.7821831884435417 
0.29639653680125966  0.8948045220865704   -1.6517857520513333 
0.30552550665453826  1.3200680467740034   -1.6280089563970392 

1.02570125717107     -0.5575632648608468  1.5753350990881645  
0.9016150728048642   -0.1953006195462217  1.791717289213028   
0.6656583785030097   -0.48356461718943144 1.471336577434486   

-1.377700846239082   -0.29561669781578953 1.5887262478588364  
-1.3093009057095895  -0.2774123787625569  1.5065826459931977  
-1.234484843779672   -0.14533697326684047 1.8800829636530314  

-0.7446352177764588  0.9360207475950912   -1.4878108276895707 
-0.8764540315518035  1.3601397723953457   -1.9804343548914574 
-1.0423380138770597  1.026647022113952    -1.8865200903082255 

0.05839112365627974  0.7552376707507908   1.3888129157643387  
-0.004448487570695936 0.7288453886436546   0.8949803420002681  
-0.1450332668548034  0.3436846564447492   1.0114340775773918  

0.2246573021375068   -1.3316728406831242  -1.432989567792038  
0.2684143051784187   -1.276098566452999   -1.465089337777037  
-0.27463124161012026 -1.5848965874528624  -1.906733721733711  

-0.7271413721214779  -1.3001022112425376  -0.055188408036889736
-1.0426635002193159  -1.6690278911300558  -0.5456185774812066 
-1.1097009806861013  -1.4129234028013355  -0.06717462127881424

0.9690485225276222   -0.24050028138159246 -0.0891064118870743 
0.9740747581635921   -0.4811084394523693  0.22077675716719503 
0.7777608761265575   -0.07974769035096957 -0.041374291574109934

0.396478838380366    0.8347856945372308   0.3379167407126804  
0.48911071771141956  1.019622724802584    0.2310770770621532  
0.5473141463103761   0.8882503172071761   0.3384683449535513  

-0.29603001462721845 1.164776010776288    -0.2433078810869837 
-0.45696937022983947 1.1787916245859837   0.2430614982019963  
-0.5705480307119399  1.3403387035990284   -0.20801997231991776

0.9479465676175178   1.6833742751393868   1.2380187362185695  
1.3785147067977115   1.1677721560743803   1.6365964430276314  
1.414271405673902    1.5099403241522134   1.3876257585852887  

-1.403756897091665   0.05320934323103993  1.1539359489928631  
-1.2153030528032158  -0.028335217837725135 1.3405327141847947  
-0.9497078793512539  0.16999363352642272  1.336076358823903   

0.7608821915999099   0.9188560638113251   0.3080027982452926  
1.1060890859233046   1.2053877714083798   0.004186100224446265
0.8958249543776764   0.9084472010849112   0.40551789227478674 

-0.5239405921261838  -0.6686059008261642  1.9537430394265236  
-0.6364696082623476  -1.0193239138587433  1.6124028754321906  
-0.35799199967272954 -0.6236139237582092  1.9720934202181057  

-1.8848815605483582  1.3437431103954538   1.1648938441608059  
-1.894636817300547   1.669382105217161    1.3869031839309867  
-1.7135884845465248  1.150335809890305    1.0346960515330734  

1.563087814018345    -1.600775391119024   1.6392205621478348  
1.5301815784767996   -1.3987996594493644  1.1461401600607     
1.7062502924342073   -1.7142238394829317  1.4607067211575413  

-0.9909153875927031  -0.6619461426030842  -0.8335599262148119 
-0.849982308190278   -1.0214676543280463  -0.4602493909828045 
-0.9969136982016971  -1.0732173017765736  -0.4754160675405285 

-0.7591316039719919  1.0362127582963132   0.4196423648050904  
-0.4791839121180264  0.7465550794139      0.33685512297308484 
-0.6936148989936202  0.7139565884464186   0.682637234912736   

1.470825963609088    -1.418254367764786   1.6339959200306953  
1.2968170822944638   -1.3895654605006307  1.189343396051378   
1.5594807056418465   -1.34121284569882    1.6439869117389265  

-0.12778780500258125 -0.18126648193086314 -1.0306811354043621 
-0.22992452126391782 -0.07812774926330443 -0.7645440203084367 
-0.01374517252315488 0.2577255146601737   -0.7013222583737313 

-1.0783623834152953  -1.512991278142475   -1.7114452655734258 
-1.4129573244274063  -1.2531001670095478  -1.4441659974649035 
-1.0629294995174172  -1.1514578762172134  -1.719389641232438  

-1.0903709506904378  -0.5003051663882196  -0.5136882728273516 
-0.7465816904081598  -0.7019659988822403  -0.4497990613616407 
-1.0828950978195322  -0.5485538860729627  -0.015475713193004448

0.8118163867538415   -1.558808419890442   -1.0335761762190498 
0.8578333998895116   -1.568738843426452   -0.603957761161077  
0.9316434524318278   -1.6361795307005134  -0.6799279650100989 

-0.9711923164417646  -0.15942662507593097 -1.5946540476905136 
-0.7926016186484648  -0.05284583609304125 -1.3986290566042532 
-1.10699806752791    -0.04814026942548738 -1.571217551623118  

-0.959571787764048   1.5339787375423282   -0.2594783087050439 
-0.8730410561578533  1.263401513536831    -0.4192777006784989 
-0.9350701249615723  1.2356777406265358   -0.5419415185752751 

0.44422903594024865  -1.7297188750681234  -0.9128003798033252 
0.16425383249827638  -1.8451405366394407  -1.1070863324868911 
0.16761975851288666  -1.9540992497241227  -0.7670140414867883 

-1.292165397824442   -0.513051101005111   1.2079036710338416  
-1.156552203398307   -0.605311671303444   1.6192590969208407  
-1.4115649368956247  -0.3919752070192291  1.368025370535363   

-1.4876159923556096  -1.693626336700873   0.29430243312749643 
-1.8881555454519012  -1.663824956483385   0.6343881799617561  
-1.788222973012752   -1.551608250960913   0.8000955586973989  

0.7413900545861771   1.7127881571856383   -0.26604908547451184
1.0560764860010372   1.4650783721565617   0.04023877792555847 
0.875263109189444    1.9902899761485555   0.12007287912801146 

-1.039996191438342   1.690523396470256    0.06719129821461206 
-0.9946350898911667  1.771916744072737    -0.005110287196982366
-0.9662715715611672  1.511628432956073    -0.13128231535795656

1.1481193351975603   -0.10297505554618669 -0.6775262826558202 
1.6585486670135305   -0.03347339899640056 -0.8888051050341186 
1.4216581780960027   -0.13003542765777037 -0.8733319454758058 

0.43527755914085825  -0.3177365984417747  1.3374117570289854  
0.4415527948496541   -0.6560969762573874  1.70080972752501    
0.5203907081406297   -0.5976664234146545  1.2617996648436018  

-0.7501418451236437  0.6565231666949176   1.694650228330749   
-0.41657224065020615 0.7566127754376623   1.6585493902422184  
-0.4999702677346195  0.6705498263468332   1.5759004256520754  

1.4353716982002125   1.095447913747454    1.1168890883276288  
1.7091193602302055   0.9009511367409178   1.3671339428607563  
1.6183696173341393   1.2662930642956878   0.9145027999306633  

-0.5155606619618087  0.9861537859248157   -0.3637831216750199 
-0.7638710836766245  1.0433237467602396   -0.5675672511744481 
-0.5639156481341794  0.7678882038062151   -0.39502634850460916

1.4827179305338394   0.31667125584286665  -1.3128305029448695 
1.6240698859691105   0.2076701393341983   -1.356157299600626  
1.5664003275862566   0.16309536131326263  -1.1815155853055184 

1.1299160186486539   1.3319220314180753   -0.029123180642432023
0.8819336831058222   1.2873328552607548   -0.500253560116973  
1.418945805317238    1.1073290608243733   -0.09578204271550689

1.5552510371623034   -0.09769484218068206 0.8351041216065036  
1.8990385970556511   -0.021406932824536984 0.7099656468012049  
1.841866662435523    0.08244998815953791  1.0420176957716947  

0.8871451937915864   1.2997671443510994   1.6768384248824282  
1.1063816697421642   1.5135521050735439   1.6638266158555632  
0.895175614064497    1.3345758830122214   1.8456332587252648  

0.766588621035117    -0.6727607416210721  -0.8216551603169613 
0.8656048962001862   -1.1066316897137145  -0.8936683199111413 
0.8065028828531684   -0.7130480863621684  -0.8801044390256603 

-0.53180417434003    -0.44104630603368733 -1.7624732620569064 
-0.48298059860819914 -0.34668975826459014 -1.8549216050125472 
-0.6760465854986688  -0.24176381756301596 -1.7371362000564998 

-1.0971033547858609  1.5240903094738054   -0.31233830802574797
-0.7633987541963778  1.5054150154564536   -0.5137509914640116 
-1.0054164284669853  1.4113794627446343   -0.5029702268552227 

-1.4956022973998535  0.2682819838061389   1.0451116513025955  
-1.8317640018463244  0.03137176313130252  1.098341395843425   
-1.5991607710830695  0.40105894521997526  0.8582910354289346  

-1.4945626281175008  -0.29278044960999056 -1.139047740367844  
-1.20339051738926    -0.2787340022810016  -0.7959704218975141 
-1.6178775598879185  -0.35002187140306845 -1.0853792145584213 

0.4365905168826467   1.750484890071749    1.5210902271051716  
0.6297189000713493   1.887062221149491    1.598177961230003   
0.509994768616377    1.7428435806946683   1.5276852212190812  

-0.8715265035097125  -0.02857614243409312 0.5173786571577601  
-1.2789039380390137  0.07814706361283802  0.6429081741184268  
-1.2396485756965923  0.20613079099188636  0.8406004082058245  

-1.0381176310392957  1.4216925981636408   -0.006706154630388483
-0.8773549158648122  1.3131723985425876   0.2299910432765837  
-1.0971591429742442  1.3742823324015112   -0.24739493460312384

-0.2168939464845751  1.2081334171057634   -0.09674178914560705
-0.254911584874082   0.8984908421027378   -0.2236874286839629 
-0.4535018910082329  1.385004052837727    -0.4304752318676936 

-0.5971970941487164  -0.7249000317692578  1.4928001152559478  
-0.6737756529998288  -1.0444036966640486  1.8146998764257884  
-0.865954185906268   -1.1183147165578537  1.6197068468775564  

-0.10372725535288391 0.17055761371874945  0.5680969743573117  
-0.07945971121324133 -0.12495683564058169 0.44591803988900497 
0.23506960234468188  0.27124857490241694  0.5804469803051493  

