270

-1.0249595447575286  1.3609311928827592   0.7289332984519492  
-0.572091089282211   1.5593258020325673   0.8381059862412095  
-0.9477680428340395  1.2812351984181891   0.6343190955419806  

1.0483001266904037   -1.639908310411325   0.8006302935584071  
1.1223249775425834   -1.7555411363098496  0.7959085277315862  
1.1401316380087385   -1.5258905547975363  0.7112340622249974  

-1.591982855572035   -0.34142411367807357 -1.2254214266764833 
-1.2254473328092523  -0.8511992132579267  -1.1458282183981559 
-1.312855968833413   -0.40391585616909986 -1.5497558476654567 

1.9896239752698053   -0.026388915919791645 -0.5806135747429144 
1.7870682199443162   -0.09316993830987019 -0.44458139115654766
1.5265586258025556   -0.45793638588022    -0.6641119883383376 

-0.20531594016706572 -0.23547319248634369 0.24032505046652658 
-0.018678462496881654 0.152672544744127    0.4523858785590132  
0.2715643071781656   -0.010367904143580797 0.5361559135097178  

-0.9841306331040118  1.000193757905945    1.4354578230915618  
-1.4126038726898749  0.9248333643350564   1.2181185354536308  
-0.8699165517350942  1.229804396397211    1.2207932619773185  

0.8574773580168993   1.0180953050756911   -0.8277072191089634 
1.1932511292295849   1.2933904166636503   -0.8953243513489801 
1.1104688607958009   1.2848448640568706   -0.710092697383809  

-0.9323462991437833  -0.7037394682205755  -1.4875892635185313 
-0.7388128013514044  -0.6607836111631048  -1.8874383635376681 
-0.9280799362219108  -1.1403343517685924  -1.811145923518232  

-0.8757812660265407  1.8202110129523148   -1.2732282192987914 
-1.0317233608003895  1.871480544716423    -0.8899211937151874 
-0.5939881768997567  1.4608255068688085   -1.117491681496026  

-0.6318365902403734  1.6624610624596081   1.6726189370068991  
-0.6004904386981031  1.4927394913644412   1.3440583458623132  
-0.5835310061371626  1.286293427022241    1.655048512470327   

-0.3661655454461364  -1.5911445245404519  0.9053416999386228  
-0.47457902936554236 -1.3447020960540874  0.9043760759888186  
-0.48499833237425705 -1.5124661624388565  0.9437333271167692  

-0.5124868043295328  -1.8569408429427277  -0.28971495466271246
-0.8561494007298311  -1.4957523805191513  -0.6537969509355827 
-0.3078878821228699  -1.9557560565657346  -0.40581401910604736

1.3811206060971704   1.4341079309994895   0.8905319228531792  
1.1697075996441924   1.3770276448109386   0.9230570565600984  
1.3912586965745293   1.2626038175224807   1.3628969999204414  

0.1971716502681226   -0.31754700560831917 -1.9269034153085913 
0.2276415503016057   -0.2961039068212513  -1.882220493746888  
-0.04311733756411712 -0.5932327030686593  -1.9938068024354478 

-1.7131066625954032  -1.3395207673196288  -0.6671711357060408 
-1.5947562335231518  -1.3678348915378922  -0.839078871628125  
-1.4796110546193104  -1.3967926837162188  -0.7068001005328732 

1.5951985938968787   1.7615674092995088   -0.41914891413436156
1.5313653759966854   1.7195908593012939   -0.20009523312629585
1.5716469022046198   1.8208181745481227   -0.5565093086418695 

-1.0151317989758437  0.21154638807738085  -0.024563471675052684
-1.223883794435666   0.5060022243288024   -0.4292246608449153 
-1.3572807449905675  0.0023359945943642324 -0.31765468285025067

-0.47910117613873526 -0.9382146966453357  0.8047681705258314  
-0.5397756275211705  -0.8031661654412837  0.514358988330231   
-0.3636971536855836  -0.7994569408713066  0.6239788413015918  

1.4282694765109936   -0.6827234465823337  -0.6247733098416964 
1.148148639590901    -0.31385093644584205 -0.512358658063945  
1.16819057825367     -0.6098464994701718  -0.6991099140671829 

0.5263689586549837   -1.3203692597925616  -0.3011785741990961 
0.6071814825873875   -1.2320284441597331  -0.7791000072447449 
0.6340348285976294   -1.19179614736789    -0.4476589868488234 

-1.359791641323685   -0.0013582440040828536 0.49930990404899217 
-1.228760046860787   0.17159852569899747  0.7165076406502995  
-1.6425505703778633  0.031583981342481804 0.4045959267453305  

1.3254783643957646   -1.4132688767004513  -1.6153727903768798 
1.0890646958919117   -1.6196440550238025  -1.5384595223185396 
1.271425198898493    -1.522195148326047   -1.7049460260415779 

-0.504505965222809   -1.6555031000718896  0.9292507755348688  
-0.2492161778718795  -1.536087977661434   0.8970629272944286  
-0.14610447859646197 -1.5441242730827458  0.5860504955011117  

-1.0793314963893943  0.8905939342566802   -1.1441412196396339 
-0.9055811799137197  0.8888481049979187   -1.0930470000528887 
-0.8770604794739291  0.9563920754184378   -1.2077730274420433 

-1.603005426600023   -0.7827510344031542  1.650609796246808   
-1.4501090247068027  -0.4405184974666474  1.6778108433613652  
-1.2251384944561425  -0.7001240991524917  1.4812075751451532  

1.0826869149627343   -1.6394664003970465  0.5538845939143482  
0.7461087376815829   -1.9528233412413676  0.8312847050309199  
0.8747072232005233   -1.5122215220450488  0.3655793609424924  

-1.078457662518972   0.835550895418314    0.8564684973295197  
-0.9141853417516864  0.9611682471488352   0.4248908362631571  
-1.0772096564605573  0.6386836299043617   0.515219875777876   

-1.6962755309292301  -1.3088548532067816  1.2896594871944567  
-1.435490622542145   -1.467675015924204   1.1495498930218764  
-1.369102648545943   -1.562816332171478   1.1554281454842712  

1.4233273786442544   -1.6226250343046555  -0.6737502934403234 
1.143223895722116    -1.9030872920483128  -1.0983859097173854 
1.1723021517177012   -1.6275003575503602  -0.8926815799348269 

0.697964195305788    -0.5496769290879436  -0.22917843716878356
0.606845933729728    -0.34710226241228614 -0.1861373421822464 
0.4536687346140643   -0.07845082488932142 0.0999385067773294  

-0.33761715336929593 -0.614992628785893   -1.2795599504455746 
-0.1419420349098981  -0.4241289291456572  -1.5749485720215959 
-0.407915949402173   -0.4129030469214691  -1.552035555020995  

1.397865362604751    0.9446095509684989   0.6466732989897278  
1.4938742617682046   0.9398094569388975   0.9980684076276061  
1.6851556762981366   1.0465047480339968   1.07703799782323    

1.3401021900963415   0.0353483209355861   -1.0839233938447363 
1.014474410670241    -0.236452476248731   -0.9200101454176824 
1.4018287013572854   0.13214747918872438  -1.0751389017441988 

1.7986837240534876   1.7981084685198114   1.4985391113406488  
1.598295002127324    1.5040781166711976   1.6332499519899955  
1.8431147398716614   1.5567386398557823   1.165186042174987   

0.07104769583567144  1.530101226785786    -0.006397454879088493
0.26998011482103446  1.254875511230617    -0.16071979872485492
-0.24052719853263377 1.2403646025882118   -0.11455699246699119

1.4727762719849244   0.3058920783088199   0.5521943073768475  
1.6712765669645882   0.4487638011546575   0.8391077216140209  
1.8248526227416355   0.5608269508087188   0.7911773401523567  

1.1160092278365754   1.3433057894560285   0.7373395057490094  
0.8684140004750762   1.247592743678135    0.6507374521937037  
0.6487153733598696   0.8800443260430368   0.6673393847467596  

-0.6980107755997643  1.4200397784263874   0.010456301271152213
-0.9148254064113379  0.9242433991659127   0.25889684411844643 
-0.6102430366774072  1.018439743779172    0.4281977792601618  

0.38810167635621534  -0.09009537508094884 1.3622734348682628  
0.46023269736018524  -0.399043258062653   1.6296283390518942  
0.06379419150355048  -0.053933492808548866 1.6014937990084066  

1.2032113310419557   1.1441251815861613   1.5165290054452958  
1.2407984217269774   1.6374386012816669   1.1850929650948177  
1.33650211020309     1.2093649603532597   1.2978199427537633  

-1.6139965509839727  1.0050073734221299   0.2832832687996954  
-1.5325731557631002  0.9818155801085953   0.05954104621063877 
-1.5323199294677121  1.382893713956387    0.016724709722463094

0.23348778424341188  -0.08740402545825032 -1.6932737112992027 
-0.06240898053733865 -0.13979809077935063 -1.547863059999558  
-0.24390113381710338 -0.2979827961718831  -1.2784958324965068 

0.7328383344017839   -0.4294982350367788  0.7600621187640202  
0.9562009091725114   -0.7481229010118811  0.4095053796539193  
0.9846950465359918   -0.8051840555942147  0.5405243476202045  

-0.5786900111026287  -0.7185848191698432  -1.7967614256187203 
-0.5411773119118444  -0.41784810995900007 -1.7589910618269307 
-0.4101223568170818  -0.5656640363611011  -1.5516475298819983 

0.7043405843370948   -0.8958122270965422  0.4029210452396277  
0.42418322488793425  -0.6698742202276189  0.02367301626647278 
0.5658335320564944   -0.9233949111574683  0.3649094334426047  

-0.7945500612474864  0.604602019136151    -1.8959247728338702 
-0.4104973016187301  0.42769558334410773  -1.524742243079447  
-0.46880602757516676 0.6014686963161808   -1.99922474570242   

-1.4587387801871161  -0.5454081860599733  0.23924736868975327 
-1.4403591167023304  -0.31253315909771984 0.38429640610680404 
-1.4676894146843376  -0.26407991955456334 0.03001982922759544 

0.2987287230688315   0.9227234869957655   1.4339308544346687  
0.10526060866080961  0.9027356946553555   1.972962032213784   
0.5095903426106777   1.1291371775743428   1.6584240865359585  

-0.9449961868086783  -0.9501956204057294  -1.4217875352850984 
-1.3813340987223144  -1.2211417130061784  -1.2890148376816695 
-1.309525894827211   -1.232479079210436   -1.0421153015168008 

-1.1880948875298203  0.8681608297377845   0.9086311264721676  
-1.361591580455642   0.9270697536824839   0.6530024179898125  
-1.5194023232577187  0.9326350404756052   0.9247505289939907  

-1.3763682498005103  0.8863856986100795   1.129276903173699   
-1.4762394171904778  1.3271532179394803   0.6823929281250984  
-1.2120782253552187  1.3918954515608917   0.9479423948412182  

0.1571358721124505   0.41302330363744133  0.5362969569483271  
0.07952653004045068  0.4128000096187048   0.29801633989542164 
0.13919400411158803  0.5951856761014287   0.08123655134615992 

-1.193196476506948   -1.3857559821376102  -0.7991783211119206 
-1.4261174045260532  -1.3572905268066084  -0.9543530667075708 
-1.2679225541537638  -1.5266600044524994  -0.652913020542397  

1.3932730157121092   0.8627550732724099   -1.705023499363595  
1.0292314875391406   0.9135623306105127   -1.554859946728519  
1.3997400869695094   0.8604462455056558   -1.4983098925392393 

0.6607630424882803   -0.5765563861115931  0.7024162092961909  
0.7347709853890976   -0.9576818263104723  0.9857699088122159  
0.7221293521395008   -0.6946429533999471  0.5730578996959583  

0.07309800638500319  -0.18793962926229896 0.21186520156273211 
0.5574913104289151   -0.5347726497230993  0.06293682630400033 
0.398318631998845    -0.1730274262155601  0.4691778284175374  

0.8958056930587177   0.7513753987813034   -1.299639344335784  
0.8346660171789058   0.3571370878050518   -0.9201972558814582 
1.0801575303213888   0.8007638760317444   -0.9974304417234108 

-0.23405436087211032 -1.4414499765349436  0.7263634603078876  
-0.19342989722144413 -1.584600389375636   0.7702213624958494  
0.15282793828738417  -1.5003295753006476  0.5529323062586305  

-1.4640004782479248  -1.7368207786994305  -1.6871866114468426 
-1.6732948647109844  -1.7522209282483745  -1.5208797759357366 
-1.8670831520506257  -1.9326672632579858  -1.5788617975665376 

0.16725633894025585  0.3330490995769515   -0.8361276772998942 
0.24469345664358239  0.46864378137978724  -0.6880946794357827 
0.05044330539228506  0.6495897362692278   -0.9680960140210972 

0.24057014912219088  -1.0962238166196179  0.2955137666499508  
0.23555528423607952  -0.9416928105305797  0.5540359588168379  
-0.1460658254554401  -0.6127949113187092  0.4717900513966307  

-0.2522955066282693  -1.6358720091037806  -0.815228293889211  
0.17947723386950248  -1.5930686546917945  -0.8987623200474038 
0.2579276257630595   -1.4000305495264556  -0.6643205401859757 

0.4578583906024427   1.1986134154797914   1.050882938026368   
0.5975167978495396   1.6753569816013392   1.1634851622301863  
0.6659241573279683   1.3895359941941958   1.4283581777418695  

-0.8309012586915445  1.6182473933676733   0.6108648527744818  
-1.0734485222821515  1.4709841738642595   0.3089054976540952  
-0.9322598613601218  1.1504927482115266   0.6434172673282899  

1.6481141268318749   -1.6102214832420683  -0.40606986795246475
1.4841883898988835   -1.3717251658193015  -0.27901685561737827
1.818907948459473    -1.4104050411862261  -0.5694614754615182 

-0.9979364681291099  1.6694717723277512   0.9263930063822413  
-1.0894171700167963  1.4986811677815797   0.7552276397123189  
-0.9306997933574559  1.7875255510796155   0.7817628605453264  

-1.0169937533027875  -0.2083671568464981  -0.18942945741049366
-1.4227108510003612  -0.40393410583831635 -0.3886384394802984 
-1.1759588865890063  -0.07078152083167921 -0.012494801940629574

-1.6065458595686604  0.85865109038944     -0.017866456229305105
-1.6749226408808486  0.6078496221896597   -0.2776818262664939 
-1.9138624502385098  1.1248359652464734   -0.009096919406942183

-0.32239831364834026 -0.6479375271335275  0.9639208063053687  
-0.11359597724491655 -0.6356173223091732  1.4072439936535703  
-0.01979859038158338 -0.6924464975226767  0.994265322975738   

-0.7035741018444012  0.636283444007246    -1.4421254154775989 
-0.7208165853406548  1.0985702396205919   -1.2294533789539577 
-0.3817677461048127  0.716494466407684    -1.5459556290784233 

-0.14414617388381107 -0.809451556591839   -0.7813329692315288 
0.06572064712609521  -0.6271940290016205  -0.7033601835326548 
0.09753208557359172  -0.5934251118311099  -0.9243221135801895 

-1.7132758655443565  -0.4289414431339484  0.26146419987072034 
-1.7969843254881184  -0.10658223051103399 0.38323538989703715 
-1.9868177403632492  -0.5218567885682954  0.5577366411557505  

1.5159277919551108   -0.1836157126153904  -1.8101026359268662 
1.188444675181514    -0.37197937584307816 -1.6647131418618302 
1.195980700962588    -0.10740018016352282 -1.5477544151115112 

0.6661673410471541   1.029127262462955    1.527393198960267   
0.7851560635863399   0.7917996575997892   1.3927668971320983  
0.6169093541659285   0.8765500846071355   1.6398753591967914  

1.023026341441034    1.3725827102925798   -0.7878001721434627 
1.0556622859161149   1.4127439467548784   -0.8638723075044479 
0.687681827431702    1.7127535524230602   -0.6933039707178652 

-0.4710463023751952  -1.3186511892244879  1.0880881447656452  
-0.6116302682121926  -1.4176368364350438  0.928786209387798   
-0.333295952603643   -1.1507319506898823  1.1403613107071915  

1.0347759780893688   -1.1845520697973027  0.5009619544721083  
0.8962473300270652   -1.1724498131202656  0.3822541777382529  
0.8685930625523515   -1.2257607958501147  0.04031090947861213 

-1.1025231118486378  -1.1079716274478182  1.055885870419676   
-1.0514452324531645  -1.1781689361658465  1.042139782805151   
-0.9704521637474687  -0.9492482250456666  0.9315439704186961  

-0.24757377184990242 0.8517074492254058   1.2507989407968954  
-0.2714888426804203  0.9164643951706304   1.1669505265336007  
-0.19245420732369084 0.6789448308463144   0.9041076277791152  

0.44732290185264634  0.27865892882487886  0.3329107868809328  
0.07722640734713299  0.1052983792109759   0.33055027293707623 
0.039847541738937425 0.16456083881150355  0.3611231471315809  

-0.5663768178358322  1.6615636903637967   0.6554172986956661  
-0.5343404275770135  1.665993949748801    0.3823526056838368  
-0.03062663620874473 1.6508479763639377   0.7011268212216537  

-0.9265982581674892  0.7434834597376783   -0.1004345193869357 
-1.318873242479786   0.8677031540118132   0.2632244834194417  
-1.2075614934113374  1.0761814457227685   0.03188890276985562 

-1.0499095503419549  -1.2577542236525467  1.7204704175123195  
-0.7156067349250919  -1.3088225548519068  1.5372307678322203  
-0.6817228354567826  -0.9869650589778194  1.5673351427123678  

1.3630446478180565   -0.14569070425047814 1.6483632904169296  
1.5420874009173637   -0.47914640580109047 1.6338581697494032  
1.418525518016494    -0.3900425797154072  1.4354064922541812  

1.385972139469471    1.2721455540881659   0.9348647466801228  
1.508752784094805    1.0832659156877038   0.6223404117096364  
1.2876920971086885   1.2511881501167172   0.8072198199158588  

0.16522045380372438  -0.4517751595381279  -1.1639220477443406 
0.4938037703927119   -0.18928106355562474 -1.326322143951151  
0.05906427693384034  -0.5162597852511258  -1.1946830256969956 

0.8858026613733844   0.007693622406088008 -1.0826488023410166 
1.3207417190889938   0.4742555756237131   -1.25209960293421   
1.148647952725313    0.2705670252230518   -1.1451149885633907 

-0.5286141890831233  -1.231373452184294   -0.798994502376409  
-0.4977839267893998  -1.1438671812595649  -0.679807742814879  
-0.8036013893758636  -1.6975360514867643  -0.30098427125192007

1.1390750776011787   -0.47882535947166255 1.0745317505532073  
0.9944965967587202   -0.47259316032542437 0.6359952307403101  
0.948338607980225    -0.4148393775880267  1.081491512893016   

1.3262202488657269   0.6955018756083549   0.7041117251002416  
1.5502405605536933   0.8634687446352265   0.7303291346066549  
1.4532187159483227   0.6377326606989966   1.1209258777420956  

1.7344129264238684   1.0455724023379134   -0.6142015406264546 
1.6556686352084726   0.9408691246644374   -0.9500000299003997 
1.9374990676437065   1.2968060708030313   -0.9908244318582964 

0.2809408310130753   0.3678901310494443   -0.4480819714122691 
-0.2589110348283237  0.3279440681300875   -0.45620660706253996
-0.0535956003275761  0.4903606517593346   -0.5547159463306749 

0.9558047681590263   0.9436927279374214   0.47188915234677486 
1.3861392151249607   1.0599534063107463   0.19655879490401507 
1.3816637531543936   0.8676709542706389   0.4036719940388941  

-1.1276935758150617  0.10393366282281036  0.1528898783560424  
-1.049779577645412   -0.21726793920452353 0.06495181275600792 
-0.8823666386143658  0.20478849633378188  -0.27670237877333953

1.560805072565713    0.7687640688602857   -1.034644628148223  
1.5198917911669305   0.5899009714212065   -1.023414705780786  
1.8335873193621963   1.0803437108178362   -1.1664045169645467 

-1.03025491127431    1.6361387101968141   0.7129190675658338  
-1.003724631503418   1.2871390735139263   0.6142066399240281  
-1.0640389013686522  1.1793630338475574   0.807950955177748   

-0.7956128554060973  -0.8190934663533326  0.6404440958504285  
-0.35669260915123213 -0.7513909303492181  0.6967504457617866  
-0.3017545797072466  -0.3786542661650113  0.3042966367702089  

1.6206041693490854   0.5500367230911958   1.418278079723978   
1.7582263929550188   0.4607999187134803   1.3306496883224814  
1.5277980720033704   0.19053296347578247  1.1335688054212698  

0.6992969554928756   -0.2626358828472704  -1.3515799754180822 
0.884758532939276    -0.20177926663840118 -1.2957858007168968 
0.7099184031620517   -0.057505657173539615 -1.1979757206247845 

0.1675372396934801   1.9254258486430798   0.935074514521265   
0.28389458725062205  1.6544122720739325   1.107777258146988   
0.3411275659089532   1.7405942654522941   0.6228054979712445  

-1.7117419740109308  -0.8066226582142558  0.5258206405524094  
-1.2528720592187241  -1.010406872670004   0.6391241793383177  
-1.4447783474818992  -1.0853377499871677  0.3547997710763751  

1.3396433520184148   0.9584420822572937   0.23780049520650862 
1.3455857943890008   0.9343751266612383   0.4505937269116416  
1.6232242001419528   1.1721827954617536   0.10943714931726836 

-0.9996294447344545  1.9995005134163488   0.41435552358823075 
-0.6545073618250863  1.5589376737667255   0.540319404454106   
-0.7781972718571472  1.6573798660906167   0.3341327257830031  

0.6826428403697447   -1.0237693278205535  -1.0552929580957542 
0.5600686670964857   -1.2519533091873267  -1.1963994300283622 
0.8111852513308477   -1.3628699341587047  -1.147167834586758  

1.6656515909192942   0.1238466899044886   -0.21688314955572408
1.6951258750875087   -0.26292206062898743 -0.4954994133275124 
1.6501516803292269   -0.16815638995577603 -0.5654244930229995 

0.0005782101730576472 -0.12575534836704838 0.05060429830983251 
0.13066725218089092  -0.4894077434077987  0.08687259257328256 
0.2811326439344535   -0.2742523939854644  0.19381106118785812 

0.02046575403312695  -1.5146009731081407  0.819910825160253   
0.2841650411182536   -1.548343565231596   0.3322950421118861  
0.2736077418835803   -1.5963193496462438  0.49480710255359195 

-0.3926283748647241  -1.2550228646533623  -0.8304488919259416 
-0.35370933042902886 -1.3503889742150084  -0.7057040569417274 
-0.4717586520228046  -1.4733691432051303  -0.8808950246707306 

-0.749143646783744   1.6546579626228628   -0.7259360927338665 
-1.12687126215919    1.6650764570631227   -0.7496830071480154 
-0.9887174211233484  1.240953327594236    -0.8440607046873011 

-0.5384453029419017  0.8115395529036883   -1.3565077228176046 
-0.7690389228743345  0.7044810475449893   -1.3800709366824566 
-0.2958668453368253  0.7165474725223164   -0.9348979911964355 

1.9342178876418352   1.5672350521622387   -1.1478125758295445 
1.9721223516216955   1.907937339278273    -1.0711489012473332 
1.4702254811858704   1.5500218937491343   -0.9646133005904169 

-1.2704726246626994  1.8107414247767273   -1.0931294331539037 
-0.884072397910409   1.6090943537289253   -0.7241224453648071 
-1.1304823314985513  1.9877213914500764   -0.867551073538886  

0.25182602517955993  -0.6826121009446287  0.2121927953104285  
0.25587686043204055  -0.5328654683638854  -0.23018218082145897
0.37988829250123857  -0.5508843059719791  -0.22233635037682026

-1.1182247387789954  1.0531470856151528   1.9912864365741791  
-0.8813685549755635  0.6076974483001879   1.4888612861022752  
-1.0908324253970987  1.0780216472316138   1.4996713286674734  

0.8224711253679621   1.5076864657342317   1.6127438716387865  
0.6180809530716902   1.5697267150601564   1.831504564068958   
0.40905623408216274  1.4203239365305762   1.6398552492869038  

1.5963309356908526   -0.18454648020364905 -0.725255900843887  
1.7618861963849448   -0.04326297478914898 -1.123894194645477  
1.4993824870028793   -0.06530073480611975 -0.6835243942434693 

1.359901532613521    -1.1495241320341387  -0.4588292299818771 
1.0781893454830607   -0.8943257435462361  -0.3451209276828916 
1.2176821086959442   -1.0867591546074657  -0.48578063766066504

1.5512009823527793   -0.7199774056182552  -0.7201484744249808 
1.3489240640122064   -0.3857186207351872  -0.6651262344391468 
1.2487328672856601   -0.2864353531240934  -0.8217441559619054 

0.41781446381127446  -1.156329241100593   -0.7911567986486252 
0.518044141764607    -1.6665832122357993  -0.7671454701285156 
0.4081749711865047   -1.4848209970694894  -1.0846749452420679 

-1.9975183158682266  -0.9523811512842209  0.45668062244360247 
-1.6675196308299132  -1.0966814742427708  0.34117456744978253 
-1.9378571962974933  -1.3584897080974982  0.49320136900164224 

-0.40642158316429444 -0.6716784146923487  1.4502354996451703  
-0.42513137135335666 -1.1254217857181126  1.4721824678341235  
-0.3045439614483165  -0.8236484331357181  1.8047086369641665  

-0.1974262122077047  -1.1064884207637646  -1.6336865522528337 
0.2738043605351188   -0.9145912059104561  -1.5328165413320116 
0.15973694073554828  -1.1850659708968274  -1.2301227590423012 

1.1666516690760418   -1.2838788871013929  -1.540050523704382  
0.8750878877362769   -1.2978811793716993  -1.9306431126965287 
0.8859601238780175   -1.3964811535073092  -1.8877012552119554 

-1.112080743088451   1.5981493666861915   0.46637115754848946 
-1.1116520862000248  1.6251164167848606   0.3669479035779878  
-1.090607807348861   1.250928247665756    0.693874242651215   

0.15867887584914708  -0.11435581159063812 1.4447385949055276  
0.34474100763952653  -0.3123062483311239  1.6651268619131379  
0.1736325359793688   -0.005991184473734035 1.4635768886050642  

-1.17987919849612    1.655502875599891    -1.674715147374755  
-1.1086991333725051  1.696367294862891    -1.6504680094864836 
-1.3331031513606992  1.5815654219484405   -1.6264407692923872 

0.04713553673875279  -1.242876798743295   -0.22312195166170373
0.13571133438335592  -1.359599925611841   0.23022338776224804 
0.20534610916454205  -1.492906553943989   0.0704665347484566  

-1.5259669117335382  0.219202298908743    0.7166063873358939  
-1.8384055908574322  0.2471150937880483   0.6786407661922889  
-1.78463606018972    0.10221638336513617  0.511083295495483   

0.5441188728066864   0.8649886769929331   1.6445640497800929  
0.7451647396473438   1.1595589833152449   1.2898332268104356  
0.3015835413201082   1.1199720849733992   1.6174061372519408  

-0.26347174834867765 -1.4970195168250604  0.6198550522988908  
-0.09560998141398941 -1.310394876646022   0.7548613567896469  
-0.29839174719787936 -1.3938440086501367  0.38867346344867776 

1.4254452529262671   0.39190510986440874  -0.5417832387484143 
0.9429236804374591   0.6432040831066247   -0.5593278197965887 
1.001429498670991    0.46035322797785855  -0.03205418874342014

0.4463679433074058   0.31668125479039216  0.11551037806864026 
0.5218059165967999   0.8538261532500943   0.4058058363977598  
0.8199226312555734   0.46393506253155364  0.42036222163529624 

-0.3653813410565232  0.6113700246242693   1.3921080051835992  
-0.8083991691560022  0.5983092069400753   1.6104319617484357  
-0.3941185907403906  0.8566373407095813   1.3595453914516376  

-1.4963372215501565  -0.5692783594562982  -0.8129471764948121 
-1.5897967849757142  -0.5013764882629916  -0.3986591646029748 
-1.5578752055703753  -0.5880368585624753  -0.7066450417362146 

-1.6434071681142137  -1.4144148251926065  0.9602624731555655  
-1.6009938165511035  -1.696853243084531   0.8851304683276335  
-1.6067038286888424  -1.6299700533016315  0.9920801242781687  

0.4380828154126087   -0.7848548582025462  1.48007846129894    
0.06133382502929946  -0.6974632433708613  1.7134427846006446  
0.5340440822447987   -0.5302802169988474  1.4770130891562823  

0.15898071327908703  -0.934016891064751   0.45379686003594966 
0.24417487805308036  -1.2591882590560084  0.6142026014146797  
0.009815204312379255 -1.147814720194601   0.5055197084658184  

-0.1943530502574748  1.257312733490799    1.4505398357722932  
-0.2279928539066321  1.4899782619815538   1.4434585141493563  
-0.1199656275631881  1.2377463586109771   1.1578784688433947  

-1.796580692352997   0.0052047242419651085 -1.3138946189403629 
-1.4991330024505918  0.2195838346152505   -1.623915160213551  
-1.8726155377965137  0.07553928276216462  -1.4307833337710594 

1.3128376764018133   -0.5660110751105226  1.5937693529635877  
1.4076486094331697   -0.2687807620922322  1.5909561554427858  
1.28036418152203     -0.45701714380041614 1.2198827270620989  

-0.6979160494383343  -0.4723463078889211  1.3718568321307814  
-0.955147351985453   -0.4238117960787733  1.3588047725836137  
-0.9470544152817748  -0.489110447962573   1.2466660114028951  

1.5833166260228828   -1.4112256245174832  0.4509353222186558  
1.6877056920250588   -0.9930526416051005  0.5621296840116425  
1.5689855215465807   -1.382586108457256   0.5675758376771755  

-0.5854916673815099  0.6303675595467144   0.41314439670227115 
-0.7673934583578361  0.9621858271055564   0.09173625728332707 
-0.6996342485178324  0.8261363662997252   0.11280933549167166 

-1.433478995036718   1.060303496145238    -0.09107646653446144
-1.618211773011967   0.6415630028399535   0.1793812502066776  
-1.6222337134062892  0.7319901439970629   -0.0880674507463903 

-1.6547557644795803  -1.025105900162279   -1.4442816589073182 
-1.4551239946250365  -0.8614183048765216  -1.906522482801361  
-1.4539365726445608  -1.0018321158135954  -1.7749077504680373 

0.3585872491477977   -1.5994708592834521  -1.5141601353960972 
0.3783654307527008   -1.4725853128247626  -1.2368215076662858 
0.3484291287083063   -1.6344978750149401  -1.1824085305684942 

0.18546946727885116  0.5531590982547359   0.9403164964967325  
0.24616111555250808  0.1960312993292878   1.2602256613842306  
-0.02272683296777489 0.4097117963210704   1.3946451710001997  

1.989728754539204    -0.22548074449067368 1.2315192344176362  
1.6685641628766605   -0.35476675038562344 1.1823969170800424  
1.5852727740368573   -0.08782639968521155 1.12459225296405    

1.3899304656717195   0.6630996545495516   -1.0950673235993087 
1.394532320368172    0.4687436998133883   -1.3645894629367774 
1.1173860037577608   0.29900666771867207  -1.0389188990191958 

0.43576069585767685  -0.028445573398063584 -1.1191470994053383 
0.44586590088264555  -0.27057866837426725 -0.8068973641255832 
0.038612648366444624 -0.2774537279539462  -0.682036662734569  

-0.009604877825093783 0.24075849662900317  0.9465968749568177  
-0.531167202644329   -0.14832474557964614 1.3235922579442174  
-0.03506552902920268 0.2806448064268733   1.33871437423026    

0.6551608257834252   -0.9860320341331853  -1.6823597030987456 
1.0464789003149446   -1.0457767337463804  -1.4161409755546468 
0.7225523186020563   -1.1055124721261234  -1.392253500525693  

-1.9878318803838861  -0.48955362328440016 -0.5314946935669083 
-1.9069419878705267  -0.6324748456963467  -0.5152930419600426 
-1.719492175773908   -0.5851878801570032  -0.08651301436390457

1.0330090260648184   -1.3984070193827665  0.7897323419884389  
0.9078536584587158   -1.3547116543593025  0.8920847954441101  
1.1480610340324364   -1.0327439356332109  1.0037091775104745  

-0.25267731844165325 -0.6935073344925453  1.0195557129283277  
-0.2574970805863934  -1.0483808175542528  0.8810747157341597  
-0.2303194260852035  -0.7946731591327323  0.9156872448987319  

-0.8534392767147885  -0.7312562673066655  -1.8804946601765078 
-0.6416876197819656  -0.7775438981439369  -1.5602629740903269 
-0.8280721107074607  -0.7361884191997932  -1.9353812578272405 

-1.1471973472315091  0.6123795222057173   1.6615437549753178  
-1.1319548148766871  1.1122681258480225   1.8790704767365525  
-1.3112004872080618  1.055855879156978    1.6435804534138747  

-1.805870489426693   0.7300546698186207   0.4975313474727874  
-1.9739509178389136  0.8013399937178872   0.4334540838716026  
-1.9003336287134944  1.1133401088461934   0.34715407913603413 

1.8704015753881382   0.8196066647245802   1.3881361196827449  
1.7389542560809197   0.9055222926717472   1.537039346313747   
1.6931418222749726   1.1147759615774515   1.4678512197835758  

-0.720825354537344   -0.46996565604309143 -1.077649412520546  
-0.8487437141345897  -0.08252574417869818 -1.3621492441051517 
-0.7638028070075422  -0.1314039871562302  -0.9355738141988195 

0.46985490152067144  -0.008118310611899826 0.13214039941336253 
0.2802733869628207   0.24349105865174048  0.08815574749179023 
0.4103269432055989   -0.09327987521090483 0.4376938404900637  

-1.9725659081645577  1.7712073002599718   1.14163818352733    
-1.7715476669017025  1.6818241978846193   0.9392250931881937  
-1.746688655627469   1.4577374727522687   1.0828905687770973  

0.8351706026341116   -1.0061428910886412  0.5160368575193841  
0.7549482762166881   -1.1421954170564947  0.05451273478270105 
0.3042886911199474   -0.818061544317042   0.42926413473386327 

0.7961778686880036   0.8096448473935862   -0.8684246956839827 
0.5579070766302687   0.8454825096692782   -0.8053876414519551 
0.30055783250903373  0.7721020001726916   -1.139696123845783  

-1.2442054261412219  -1.7847912174712899  0.6144026859283629  
-1.4427436668314901  -1.9083260193905165  0.8040808496971903  
-1.3319730354473371  -1.7395531566048654  0.7302887853966215  

0.6121731220101496   1.5022738726116613   -1.6863674340194943 
0.6625622200282562   1.716829420146289    -1.9940328530126543 
0.7955404548093937   1.7399577427509105   -1.9685004508303556 

-0.5124679986145844  -0.5705488614714641  -0.5556955837549072 
-0.27329560724482366 -0.2364519555046674  -0.8051985931374669 
-0.06453142694846425 -0.4025788326261776  -0.35539844191497405

1.510485903824918    0.913263222396707    1.8041559225720327  
1.2368513296684638   0.7450247513277857   1.5374136878742266  
1.5428126518685281   1.0294157723829374   1.8068511766729036  

0.025573864052622686 1.0208543556285745   -0.8704329267765867 
0.292642204089011    1.2841293761267991   -0.9217006633397379 
0.1827704356210279   1.323572506122035    -0.9732930093405203 

1.060137716746053    -0.05666145203692852 -0.7598553878604484 
1.0930376050694497   0.053553543668893866 -0.8203832244386596 
1.4197322702878252   0.039529621416217964 -1.0696615436595558 

-0.7301298992119503  -0.6870182519513373  1.7769530333256804  
-1.1190374807839447  -1.0806414886669427  1.9516926112094377  
-1.0147159244198636  -0.9813263837959837  1.776386678698388   

1.0294718823052067   0.43413350141032714  0.7347534402291129  
0.726039014145454    0.389757314291525    0.36062972808498417 
0.8573661482472001   0.6967062852744429   0.3793704880874464  

1.6761136815274942   -1.6941439614055869  -1.4494119358662683 
1.4577416223391038   -1.3444250190923772  -1.8035082932349589 
1.7127086762209935   -1.3412877553501428  -1.5575433224404334 

-1.8773848154626602  0.29070755953065963  -1.0990639667102937 
-1.8619535245830685  0.6312450554167814   -0.9394320683018234 
-1.7277599745508705  0.7895880967307334   -0.6450831899735723 

-0.6170754508910201  1.3988586641974776   1.4032745441333394  
-0.4467775436097732  1.4104190397492793   0.9873573398757818  
-0.746241742510334   1.1912154968570257   1.3165430347796807  

0.17632821100479457  0.30592386982716785  -1.4993088524795999 
0.2787312145565958   0.794350023830854    -1.758585376311529  
0.09527858908119469  0.7046708721073774   -1.5155568286715517 

0.41731994455045474  0.8576182392324521   0.9511396794097866  
0.2552009695736603   1.0789421733809652   1.3462033753796474  
0.3121365392767724   0.9476774437372729   0.9335636796597762  

1.0137521121306767   -1.503844167637266   -1.1112647824363893 
0.6644920267233634   -1.430346330930893   -1.217132139252847  
0.6369661985479513   -1.9937514514097487  -1.1499350578479763 

-0.3248644312132842  -0.4732633841260977  0.4624104408380598  
-0.559047050745662   -0.5746118359106887  0.307871199787241   
-0.19677853594368955 -0.3595171341979329  0.05956917087659258 

-1.5795541127614292  -1.5855567506224493  0.8603660556258779  
-1.5891725279545883  -1.8971819008817712  0.753790511513841   
-1.4411974754483028  -1.6888817142961152  1.0686251664750699  

1.3522788806074675   -0.30366475813227145 0.03833987371201564 
1.0431043561913866   -0.7937090159590737  -0.07754148380409209
1.3523860672314139   -0.547812901456546   -0.10233351345243319

-0.3729147466120964  -0.366608161873186   0.9929740386719705  
-0.43508180891088644 -0.2153392271730903  1.0241486302479674  
-0.014713507776679902 -0.014980459021094128 1.0365320320676967  

1.1456680576071887   1.991652467739591    0.4375528909092961  
1.1700382708945323   1.74510417808777     0.10207628115401984 
1.3825338008214225   1.7579525444396449   0.1921349765000004  

-0.1068820793192477  -1.046606918318588   0.7683293307462261  
-0.5167456888340601  -0.896532867221136   0.9035713277081434  
-0.49936902804139144 -1.327191510349013   1.0309790425378824  

-1.380854423835825   -0.7960640969209571  -0.26196353243776394
-0.9115740572624293  -0.6296728756833221  0.1669700675359561  
-0.8688371719621104  -0.5857136711288121  -0.050177380889391665

-0.16925155090927696 -0.665777837736061   -1.2282770625253185 
-0.11296950602845474 -1.0959681805962451  -1.4069742688419387 
-0.36808784118436566 -0.849898788608534   -1.0194879846048643 

1.6927868783906233   1.538872815944642    0.5383034836463743  
1.8121925106687855   1.4549554711851895   0.45298496309546915 
1.4462274246063833   1.1619837400210808   0.2818433236730218  

0.6354307559546369   1.5973739700246166   -1.4976060569983132 
0.5825355254186313   1.9340540110146054   -1.7708811524336492 
0.9889715935724439   1.5244088923533194   -1.6401966593626687 

1.7090307480571303   -0.19108984987941247 -1.650163333130754  
1.4513258842532464   -0.525995835831673   -1.661019363173097  
1.6663973412628474   -0.23320807504294155 -1.8545581873850232 

1.6146992975991394   -1.40145774229026    -0.4841990140486302 
1.7292570854668907   -1.2221828275483084  -0.034136534048953115
1.9777971852063572   -1.272972821411643   -0.36184898322548065

-0.09159129860457382 -1.3051702912886296  1.8196110528650007  
-0.09145231810875559 -1.3735397836836118  1.8271917906128414  
-0.2503992152274243  -1.1703141663801317  1.6505846014040624  

1.767656532197812    -0.5670744131254205  1.959292296329745   
1.4839610908615584   -0.7179162772975893  1.590817623239652   
1.7170863064570736   -0.3387641853505783  1.4380644198827728  

-0.9628995632502617  -0.11186203579706216 0.28985986407785236 
-0.6799189263551519  -0.06703438031355602 0.37760045544005166 
-0.7500080748230186  -0.22052508990804942 0.36363254475855883 

0.7475442593514081   0.43753134372030505  1.5887638635819736  
0.7416416696770025   0.2726198094165434   1.7870918236700648  
0.9642538626031013   0.4489078092304964   1.510646038413156   

1.4996316877994724   -1.0143426133694762  0.4545576953490463  
1.8502640488904931   -1.276641688298306   0.49393473919666364 
1.5971131609332971   -1.105393938505335   0.4430339938300258  

-1.2710160858393287  1.18127152191382     1.3893785157961245  
-1.4156652212842382  1.3930639138024996   1.5028987534406175  
-0.871606013909773   1.3982207528027129   1.6849835172714989  

-1.926936919330147   -1.5633812107386609  0.8545359200779217  
-1.5760953288554214  -1.562426429303688   0.5105143871608221  
-1.593267146618413   -1.2127257176965602  0.47699976154294477 

1.0059906505636285   0.8472124188748508   0.32270057299816884 
1.0679889387155501   0.7952038631712417   0.4397515536488201  
0.6066854942723093   0.3133626777415063   0.4475632112659904  

-0.33885833091297113 1.5879673925195257   0.1084272748247457  
-0.13204635622128297 1.602964723246599    0.5617206447461685  
-0.11391131190145254 1.601630154077266    0.2591106129184228  

-0.785366996906101   0.23600844604501137  -0.12319568871501252
-0.31483123350488273 -0.12713744171712396 -0.45309003842218065
-0.45534305007728415 0.06512236150182832  -0.0757811772970855 

-0.40815393202079653 0.06601362050587001  -0.032609453139954  
-0.7323914938000713  0.22448654453603384  -0.5100777276369153 
-0.4950316991234882  0.13518144860402512  -0.5357500455323344 

-0.9986299163192969  1.2332627203083428   1.7788572011082242  
-0.9660389310777084  1.220240613936926    1.7995212612489526  
-1.0651292722741241  1.5973444249336857   1.4974540845196245  

-1.465608358767502   -0.06685808316433642 1.8423022978770107  
-1.7784436412536655  0.069573911122225    1.989110585056924   
-1.7938119428622965  -0.1208835757164278  1.896444139197003   

1.02783581363384     -1.092854335070923   1.6503314880840587  
0.7493635091113431   -0.9499927795726122  1.5882304457723304  
0.7367168842010559   -1.05722197698143    1.551663150481358   

-1.5160148583177135  -0.4919251528292303  1.6312366453406972  
-1.843460468656136   -0.5070126276042302  1.5403459666265942  
-1.4419894313615838  -0.2819135801352349  1.5276294419643182  

0.27000658571135583  0.9782359383550445   -1.0277226821853624 
0.11340468501741713  0.8753387635859691   -0.9237322300480973 
0.09387618493509958  1.0033815611332964   -1.2876384717529787 

-1.9570581062640993  1.156321261782941    1.9007838082301374  
-1.8779125875591989  1.3692524572187759   1.8880512913543037  
-1.7408062297698552  1.6840064890032982   1.851166146464084   

-0.6260410188880632  1.3852319204226033   -0.5440598218462084 
-0.5756828534726461  0.9532645748775543   -0.1427770139745071 
-0.8286225137825494  1.0083025597473507   -0.5092681469376493 

0.2548483207395247   0.7989702916124591   -0.1748235794978747 
0.19214538408666493  0.7599385551897809   -0.07651113750082222
-0.26021007175953903 0.6744565264726949   -0.04570462669743813

1.3306586538445513   -0.7674634965275561  -1.1105166823313248 
1.3686566777727847   -0.8574391920424316  -0.9806282165791281 
1.2071812698669522   -0.9531766991048916  -1.0997848744732106 

-1.0724515042628353  0.8650930976375009   0.5985888182728455  
-1.131984280673469   1.1293231646737703   0.7455120015731944  
-0.6028148257449848  0.9750494754913874   0.5134330872698589  

1.4446983680968977   -0.589673121896123   0.4734398958808684  
1.428913528113229    -0.8483658030080361  0.3538501097400749  
1.7181223202248326   -0.8370043289265787  0.7188393706379285  

-0.36354675036658274 -1.0632531081992083  0.580215787064344   
-0.3972019664653046  -0.780234498904361   1.0169933685041905  
-0.33258274139653227 -0.8572902763466805  0.8306694424885639  

0.4404377579372217   1.412437851213161    1.1739593703407494  
0.4190256061539069   1.3267304346972704   0.9676184808804789  
0.5380558621632443   1.2213352695700228   1.1092636578013897  

-0.3902347416404702  -0.016415107739643386 -0.8150243298841744 
-0.6861905364120789  -0.144122944426737   -0.6618921882774892 
-0.4882450565336633  -0.01259543551975939 -0.9715955002902589 

1.3744777596622657   0.6336241219271536   -1.0580540056071221 
1.6717405932931144   0.7558092340348188   -1.2367877314869404 
1.559740556330411    1.1033315542280324   -1.0381568124558336 

1.5233734099618468   -1.5590155291360104  1.1168228563137608  
1.4778290939347318   -1.770132540079787   0.9481269679203039  
1.772161367495834    -1.8384319524499757  1.2771935936403014  

0.8011007302051545   1.1700850931753015   0.5337163561391922  
0.9957017619007429   1.3264461099869138   0.5574035039458827  
0.6051408821076285   1.4079727947021317   0.49911863680487245 

-0.35731012871182855 0.019453968511808584 -1.7689550191601924 
-0.44986824972065403 0.00824600684035659  -1.8997128475348202 
-0.005123694814810231 0.5317925803908774   -1.5542074657899205 

-0.46028770490619547 -0.5660351377060844  0.8595989422267278  
-0.46662193676407987 -0.2970568540459233  0.7631121335666182  
-0.3516357330200449  -0.4681174289336131  0.9003416476851362  

1.392808544059161    0.42932696170176704  0.009382748846028466
1.3362188691940684   0.13348565756282563  0.11794043867895804 
1.2252205798174307   0.03686190067558995  0.398340571021189   

0.1201683384679586   -1.0809334717727448  0.21456589223819933 
0.05756570014787593  -1.276501890996856   0.4911276847880366  
0.4778845449728884   -1.2056586773775462  0.12355826990957519 

0.907180480441447    1.399924215572916    1.3701326545464125  
1.1145637803948831   0.8927723888199883   1.3404274901354452  
0.5959273169297306   1.2171069790480402   1.4357750964888283  

-0.7980899693504925  -1.181577630619028   1.4727608197499267  
-0.44049845245879665 -1.160800869387141   1.5881837713060492  
-0.7411165351315891  -1.327572805392951   1.6077353580780458  

0.5275903528286798   -0.7067521419954487  -1.1159852961420733 
0.5515424271003053   -0.6388815646339909  -0.794622854679631  
0.5098852521924884   -0.7137437685286045  -0.9347629679807398 

-1.591912530440011   -1.134492409173913   -1.3860749309654112 
-1.2380734854048145  -0.9448741316448912  -1.5227931531441259 
-1.4537787238731634  -1.0779006751326912  -1.456059533692545  

0.7059185376406667   1.3555827712885282   -0.14106491718383113
0.7934427154741795   1.07330979415259     -0.2931002038616697 
0.40791257441995443  0.9123947389882112   -0.5419000334680963 

0.9352717208915314   -1.032120284042994   1.081987301918281   
1.041450967253804    -1.0796153442106315  1.2447650002184905  
0.8592613227429665   -1.1618367349896415  1.3867370547120113  

1.166696524657291    -0.42185734910551415 -0.9407966430369776 
1.2584364753982311   -0.49320238104463787 -1.0740733234710342 
1.1798594248916892   -0.6964128580645724  -1.366447548077391  

1.6028328825124298   -0.6673486458603288  1.5332391636596674  
1.5125199793171853   -0.7578574949634389  1.2108600503717994  
1.8051701877033381   -0.6863353161182486  1.5490802508592965  

-1.5713912648159238  1.0491602273212313   -0.8877507359095526 
-1.6567350396941665  1.0918970627866957   -1.3306874274429341 
-1.7096260663942278  0.9933190508496623   -1.1915293093461605 

-1.5520323596628218  -0.17356416324722027 0.8040657978663905  
-1.8832925140421273  0.14081219707054532  0.8090080036722274  
-1.7134227417306884  0.26755305092530735  0.3558110941630104  

-0.45705057441391456 -0.09274349579528923 0.08354291259342173 
-0.2395808526902079  -0.09119751127663506 0.21200182433791426 
-0.20734459001328354 -0.04639383157617802 0.2856931697982954  

1.4062093074328015   1.5643992620705238   -1.6704943477496552 
0.8735022210677224   1.2806011515757283   -1.9485963499171333 
1.1176126936920212   1.5287329206062918   -1.5083571022074693 

-1.554678829936703   -1.0309206532899204  1.9263887762826513  
-1.9020668026551044  -1.1026724100577003  1.7282460004052211  
-1.4394672806619844  -1.159089521889572   1.5019375495365215  

-1.9768556005907325  -1.1060678659465344  0.9046608658099105  
-1.7264945936682379  -1.3676023626196818  0.8844340562526773  
-1.6189786283262142  -1.3774357630495797  0.8230715128308219  

-0.9923698305784892  -0.3055183896511875  -1.2313815607369853 
-0.9138373765744421  -0.07210551807903776 -0.8783509272968553 
-0.8945208235230621  -0.43489723834028177 -1.3922950338499038 

0.3921077475893139   1.3176994645927098   -0.010385525518285754
0.7674532570172525   1.2560638775785693   -0.5373229567985909 
0.42811712904377364  1.5033618458340365   -0.3417368567988748 

1.0124892404923123   0.9356185607397873   -1.1369234788287497 
1.0139834230808906   0.9220476789511135   -0.8827530261111776 
0.8897619025995792   1.3595792432786276   -0.819282730443357  

0.45167028673499005  0.4099369285295829   -1.5205663001541596 
0.4908170152438165   0.6689525326595178   -1.6753745892020613 
0.003912807450666911 0.569082732893506    -1.9978794089280805 

-0.993616833438905   0.7101135647977294   0.17346893536209157 
-1.376488968218844   1.1367996827867612   0.1594838549409569  
-1.058421006367607   0.6382463849094596   -0.016282274958252074

0.9983613082219784   1.2529028676501883   -1.033878883093958  
0.8712462719387963   0.9251340494212194   -1.284167871214241  
0.7347856115753623   1.413932636957266    -1.0608692867136011 

-0.8140023391246942  0.6633656733865576   -0.32685828828825886
-0.3964399956077756  0.3591105190298164   -0.4729604371109626 
-0.7042680549574325  0.3787536291286641   -0.08653037164229538

0.09519874928520661  1.1586000673916756   1.0120386045026875  
0.5598376927636664   1.1540510642465551   1.034933937070055   
0.030508040378984802 0.9165451209397526   0.8741846422705248  

-0.0762741374441844  1.6766811966172772   -1.9027159388973955 
-0.04219592734875738 1.7120407163478806   -1.8820552731178548 
0.24665177017495699  1.7265234233850015   -1.9637984419148027 

-0.6288130578733557  -0.9249062731475829  -1.7825365429311708 
-0.5546662589369754  -0.8997502140204245  -1.5740308222749206 
-0.2994772646597028  -0.7783379467104797  -1.8307129721458804 

-0.5237437977906495  1.0198792305633964   -0.36681411291583843
-0.4929476043301494  1.2566538387995274   -0.3815947747699916 
-0.10923847111383284 0.9131931174800869   -0.47088073769031813

1.7973515449415904   0.5615601508006668   1.0406091653740452  
1.7979073637886154   0.27087322864271696  0.8941901460864059  
1.6859460735952168   0.3764859579344204   1.1364567684078344  

0.908458815484269    -1.3176705484871285  -0.6018439056545717 
0.594179835214693    -1.3494036650171324  -0.5066482538014254 
0.6386991872872437   -0.9560571598773462  -0.3560350286218691 

-1.2979873671305031  -1.641945116925323   -1.2946293857304692 
-1.36849863960238    -1.6385303712020858  -1.5074832310421584 
-1.2206289129016077  -1.5419124988650206  -1.4739060987855228 

1.5943926004547748   -1.3506687007753027  -1.3336869853465605 
1.4266772529119929   -1.5137044173857954  -1.3181041306255135 
1.1568058591028396   -1.5075566618623977  -1.3080088495612032 

0.010923501971131289 1.0448279135576666   -0.3086049374613326 
-0.06328347516061125 0.995699186685207    -0.25588430031320136
-0.07623636285607141 1.0143514442473374   -0.5485391100089567 

0.8265649912028417   0.2361415982878231   1.0670877172253248  
0.30596771640628223  -0.0563799184525795  1.3395147667092537  
0.3000678914654194   -0.13965266966383347 0.8657349116437498  

-1.6963695860464127  0.7341077892121818   -0.5019230081167619 
-1.2069699996882126  1.0423368425883646   -0.4107273264973559 
-1.4370544484591532  0.8426626681949294   -0.0432290664954591 

1.9858451647699598   -0.7463347176372188  1.676933069845465   
1.8537817162624086   -0.8220734758390578  1.5562319559945075  
1.82503547344696     -0.6312489740817703  1.5005646939941397  

-0.9630934150240028  0.676011777022028    -0.9033596026419426 
-1.1052337338505305  1.122770094367755    -0.9673090122351659 
-0.6727254411090144  0.7805808634373924   -1.4027625139736153 

1.1065304263567826   1.2900988066572405   -0.040639155058814436
0.8523870106961082   1.3983435448699808   -0.23480355312974943
0.8534415950318972   1.2664014917319892   -0.2297901188573463 

0.35157246031479666  -0.2494241339474839  1.6329463060908438  
0.4635289456709394   0.2755187984555524   1.4797283688242235  
0.3704201355002403   0.07825529720119823  1.879434851678557   

-0.5021926822667437  -1.4689353510139886  1.23685201593512    
-0.5059296103908062  -1.2885167729834883  1.199255025766879   
-0.7915549968280438  -1.6167618685675809  1.5625202693078375  

0.007974495363100242 0.1782503762606992   -1.008976085682484  
0.11047934402365656  0.16971747838931625  -0.9316318357150891 
0.4265494017952116   0.4471491829939734   -0.7581010918366891 

1.5508507624311718   0.629148705585118    -0.40362068215623703
1.1584940999363769   0.6807856451382279   -0.5555928812493673 
1.481359144931643    0.606900979902071    -0.03502814731759041

0.5718569785591567   1.5713504545557726   1.1996736746688899  
0.7282451515488123   1.9484930032013386   1.065769711524341   
1.101777346812287    1.7647459648347303   1.0510856864926248  

0.33043084374498466  1.1017076261221297   1.5178052226807979  
0.3930992773677867   1.0779544478917333   1.7127819550633647  
0.676076828594508    1.0610547885562116   1.8150412732984145  

1.3269290811405372   -0.08803531485739052 -0.3251372573994913 
1.5061732686624103   -0.43105912777251126 -0.8382697307663401 
1.2056648592245436   -0.44930688043295175 -0.589802236151327  

-1.600990286258877   -0.19486096192690416 0.5873250868302604  
-1.6911580377100899  -0.10509197034057172 1.1191086033063078  
-1.3124786788083225  -0.2417480517953757  1.0117155777465983  

-0.23888809076176493 -1.4087282263450551  -0.9744384275094858 
-0.38145232861123457 -1.6804249242553135  -0.9178560015073614 
-0.25395442547905195 -1.299368838152314   -0.8794638908982984 

0.3368239098030032   0.41494449890394225  -1.475083234096609  
0.31016700380599455  0.4046133485573721   -1.6896061422078679 
0.613324395816498    0.7355223905069885   -1.2641093656061404 

-1.4135258017316619  -1.3203163422277662  1.571416538673681   
-1.313666045575421   -1.274388580554042   1.5661350488674528  
-1.5526497989709136  -0.8818402411653213  1.5983195627973616  

1.0755309164208426   0.5921156034025342   -0.9951433722603314 
0.8077139937818407   0.5829625451893221   -0.729626190835421  
1.059145078623748    0.3895811424245668   -1.0923525655553639 

-1.6611386907479588  -1.09329435546351    1.5386076642231057  
-1.7468243448171648  -1.022902164858399   1.8482196615353752  
-1.966290854311577   -0.7750595259038373  1.950812400209188   

