280

1.6300647393005745   -0.016337739341795166 0.8519138586863007  
1.6255103891386466   -0.13498320455639595 0.9560566421090027  
1.4762976483005126   -0.13260166321408495 0.899767768991496   

-0.9325275882954338  -0.24321496588437092 0.9853053340001126  
-0.948313746077888   -0.12514268137447962 1.0972340418327833  
-1.0267971787395105  -0.20062995455483507 1.043830532743619   

-1.0423210003582373  1.5192244825684713   -0.6666927402319349 
-0.9476494971472343  1.5995990681612748   -0.37985890507690284
-0.6018577134824921  1.3807997515426564   -0.5663130917270813 

-0.02894858608345119 -1.6632837196620098  1.389827153951759   
-0.0498727470544299  -1.4887013554294342  1.239714492485542   
-0.46171378379382794 -1.7539785969531356  1.1858351557962792  

0.7602786091177796   0.17290944582893097  -1.7015674857543452 
0.576054900822389    0.48312365040928157  -1.8929963074673437 
0.5769545865751067   0.022120684403754864 -1.6002898459670662 

1.5516797778830893   -0.08920703782571979 -1.3821318102795201 
1.1835640161615932   0.16544141980431426  -0.997094339464981  
1.2193826567080155   0.07619202176801404  -0.8962263349402441 

-0.9081729785148909  0.18169333028732862  1.0220442496988014  
-0.939485739326432   0.2562862497382011   0.8821880528971027  
-0.8931159545816728  0.11262535636358356  0.8076413189312146  

0.1859470719406246   -0.22488281570862878 0.8923710378806553  
0.2749317516858514   -0.4972311266696179  1.193837558177823   
-0.05816350983343549 -0.2356140580923488  1.252422244203337   

-1.5948264989876293  0.7261673465357315   -1.1895372040276937 
-1.210576368794566   1.0390924892019402   -1.1793908549589311 
-1.210836231472153   0.7665791232058361   -1.1748782987212483 

1.0172622775809197   1.790192209037955    -0.8233950660622751 
0.5719098850770823   1.4320118132575919   -0.449727928127673  
0.7564667640978691   1.8063752482864925   -0.8272084610233006 

1.3547610746012098   1.5577036249061793   -1.4856357849979234 
1.6004330033164595   1.6095237928644766   -1.3462958441906627 
1.610346894837688    1.966327466247487    -1.5335109006240766 

1.3685500533249775   -0.0613317477777619  1.221682499634363   
1.671734250563957    -0.28524039190196737 1.6431090377422715  
1.410020991412248    0.20473261614687788  1.6510980613013064  

0.3160083593790857   1.7126054373708108   -0.5791367460936461 
0.49112188265533796  1.5023263100537996   -0.6188041565743705 
0.24622648119239193  1.29361798091405     -0.8312268307413525 

0.8569452993064856   1.274922152023097    -0.47474178865592975
0.6875633205310856   1.710584517638165    -0.3803872246184766 
0.342278045779273    1.2332740959970139   -0.29769755550989696

-1.3298112998076537  -1.7670062972906855  0.049368347690486925
-1.7080487534907631  -1.6182621810988094  -0.24910275526411985
-1.6535367103690413  -1.4440300166538291  0.0636896162668174  

-1.3393835004664045  0.622958723477822    -1.5171072528986755 
-0.9664469044106836  0.5806539645483968   -1.2203080742984738 
-1.2407818821133862  0.8744813946264708   -1.6118313249133425 

1.6609563851598308   1.304834189922993    -1.9826291567220866 
1.6865391365961737   0.956450627348975    -1.6381882683631575 
1.186770011923526    1.2803373726599043   -1.6911462538836777 

1.5931474008660398   0.5743056489900844   1.4118638297915398  
1.9392037651879952   0.5629869616519716   1.3586402761014464  
1.958928554424869    0.7735971820079853   0.9800061430806379  

0.9733954152431887   -1.299204095201663   1.4412026308288517  
0.7563335301837061   -1.4012510253794475  1.5301902450233649  
1.1029785573757227   -1.2253625183237398  1.2065344063467993  

1.0419469257983782   0.8916976743283095   -1.4325595315870507 
0.9878988944187599   0.9011979487544928   -1.6119036188080917 
0.6890109727272087   0.9677654105555447   -1.5383064906283785 

-1.4886577185978833  0.9746802824742464   -0.7698242672051501 
-1.535142297265618   0.9944051290299916   -0.6956033424567105 
-1.9234151054521977  1.0095893635829989   -0.5036457879671539 

1.0176153829735568   -1.3289998461975048  -1.8421025783451803 
0.6075702510433902   -1.2026430556124803  -1.6106432850172365 
0.9539585977037444   -0.8797522774067938  -1.4654194248174743 

0.876706362994466    -0.6672512407990895  0.9575191934877676  
0.7565089174550463   -0.5548025609082335  1.0014524216574459  
0.9241754191503222   -0.3351890451943047  1.0062524139996274  

1.7764100842619284   -0.0005548832065502829 -1.34749636713207   
1.9662854396003473   -0.14952025686740544 -1.6829588418999033 
1.5911726322758926   -0.4325983200538925  -1.1873050674242123 

0.9215832238292763   1.16747796824825     -1.087813880942373  
0.9096841806681453   1.6812209020597813   -1.39741374800328   
1.072603814855197    1.3127382689706086   -1.393546703682705  

1.6862543660976088   0.09580816337739989  1.0959061723045445  
1.7287008575358478   0.011646887411200346 0.7901906490221956  
1.8882600673532026   0.32631445093417266  1.0830731198020658  

-1.1710457415886872  -0.24851696057120826 1.6552029691024184  
-0.9562459263478351  -0.16880297267374877 1.354585000315906   
-0.9173168846419972  -0.15149523484252314 1.6722921649409583  

-1.7183295996106072  0.10986806258963736  1.6500565062454309  
-1.8984761570858568  0.2886130471740412   1.53552295959623    
-1.6713583823878144  0.25664052285557015  1.5825978273182397  

0.9048018393500039   0.4293293965638253   -1.664724010468634  
0.8708456219757087   0.6094915876550367   -1.4410719519056818 
1.3384172834925103   0.6479672138723163   -1.7452985428346914 

0.1558207236363057   -1.4256610805833685  -0.08042339703644583
0.223972001655475    -1.3707473591683506  -0.25580432756000676
0.30831523389682025  -1.411282094970601   0.26329560701743837 

-0.7041380992009649  -1.1926251237464072  -0.30135111569634415
-0.4166596170517869  -1.2957345413025865  -0.46793886560558634
-0.6355428794198126  -1.0142251317077573  -0.4418610265471732 

0.175149833077977    -0.1757923461430283  1.161651370557201   
0.04269306721058974  -0.06263461267743053 1.27980194815939    
-0.2744919929749572  -0.37472182304641144 1.3946414194470722  

1.087142594666125    1.5418521966009229   1.9958689570108556  
0.9457985671004363   1.2379917275485806   1.5105084048813324  
1.356310637638023    1.6391060488814162   1.9590154766704848  

-1.406294012792001   1.0396341608866586   -0.9333491084582621 
-1.393303136230841   0.9858464919355511   -0.9489134863528357 
-0.9674266264337789  0.8819504475952509   -0.6274779536247994 

-1.3253214116024747  0.11174761109057918  1.9686993406302766  
-1.362646754164157   0.1643186454869578   1.936115034333702   
-0.954666413137299   0.08060962620192053  1.8194277944247943  

-1.5481889389947745  1.1497437777657085   -0.939527929579079  
-1.5228985205014007  1.5916623931421692   -0.8579658094001182 
-1.5397239694065001  1.2029909216655887   -1.0914764951935374 

-1.5892393326720964  1.2197986214218197   -0.9103219964989383 
-1.3512350539729654  1.3987208973817649   -0.9375599443318364 
-1.5300339192100032  1.0130458085696037   -1.2006656589734832 

0.7602403036545757   -0.4178123167442431  -1.4002648407130733 
0.7412698648684498   -0.2283462263123483  -1.2615012982595375 
1.0554191635293866   -0.3456481260376037  -1.1980180533249343 

-0.04942331148376533 -0.10915973234919762 0.0986612924797674  
-0.18231952610963342 -0.29384648754525244 0.18259176114224318 
-0.13454595862164903 -0.46887028760261645 -0.2484970357307345 

-1.3538022343361984  -0.876646594591365   -1.9546564450744968 
-1.5146165823238766  -1.2072990822635956  -1.6369765884499592 
-1.2177848660104287  -0.8912822227661548  -1.9926820208421316 

1.5176538511705888   -1.6810698508475261  0.6146913902552886  
1.9093147296330633   -1.7918992057786596  0.3701267107092844  
1.6225674406660495   -1.9787284859661163  0.8241990082161492  

-0.6344408262955697  -1.3303200061637421  1.5928905917105438  
-0.5870790303220408  -1.343690913603099   1.7074928887487548  
-1.073051118061023   -1.3775122558829034  1.1851260674832476  

0.3285526027766346   1.8498171502561578   0.026580636674785774
0.5835167544048666   1.7404086545323212   0.3902014025862448  
0.5988885420457501   1.9390386595589657   0.14018623449748122 

-0.7063336647720895  -0.2019338589470126  0.260528959608769   
-0.7055875716749386  -0.23671842001828733 0.04684621798095884 
-0.3275352781581824  -0.07589211927572848 -0.2554034869430628 

1.0155455944134666   0.4425504556685259   1.648806540674045   
0.7293320385846238   0.5471948213727692   1.5640280729340463  
1.014373295421899    0.5375542878392504   1.8992335681500334  

-1.847997652487241   0.3974045676499929   1.6490065263441334  
-1.7459484902774982  0.8187376499883602   1.6523690471879187  
-1.904101328227215   0.804862079553579    1.4013336662607694  

1.6886352849561472   0.6437015603077223   -0.8519458625669458 
1.556362257910562    1.0321466884337442   -0.9421169131477437 
1.3723046362969313   1.0659775684472512   -0.7880735907828189 

-1.9052854016058864  0.4022165211573115   0.6879820261858095  
-1.5822677550491908  0.22781525711472783  0.5425673921402295  
-1.64981681257337    0.00318541889829016  0.8040469073529823  

1.1842230807177638   -0.888820330398439   -0.7611164513783257 
0.9860878448149027   -0.9544748613241114  -0.7037688642917765 
1.2311789757243528   -0.9741793729404797  -0.6998151574120548 

-0.4573948800280766  -0.40237385656099994 1.0317352998352174  
-0.3185885343645529  -0.5567405348255263  0.8526973807701184  
-0.31125184678202444 -0.33815980431168857 0.833249944115789   

1.3521130401788806   -1.8060928391245767  0.7241412241473172  
1.3044142075207783   -1.8433639189708906  1.0142170724053619  
1.358962140568793    -1.9942492732882713  0.7612127494932199  

-0.8765464480146337  0.6609555185519989   -1.3458503518305087 
-1.0324034779198814  0.796657835546314    -1.3819354766084029 
-1.1431145588460239  0.7232390551573324   -1.1434653099232    

0.5662826710687758   -1.9716774216706106  0.857219344577612   
0.21205333223543868  -1.6645285401178727  1.4279742460789344  
0.059099434044618954 -1.9931362450626282  0.8908510520564602  

-1.4626373640100139  1.477446094790888    -1.3163802777058238 
-1.4140365892843176  1.6941937092576256   -1.0070077264275752 
-1.5034593365811568  1.5559404339007863   -0.9031759045515958 

-0.24529465951201992 0.6838552107201441   -0.6842903102333323 
-0.020154917820718765 0.6160258403909429   -0.35655828116018207
0.05075553497840396  0.40039324114689584  -0.6961526205292241 

0.35129678171977996  1.6320163063851865   -1.2099738239598898 
0.6753307161114783   1.4171213345901976   -1.3540002375142886 
0.5279527670318369   1.3011363708754093   -0.9855667222291129 

-0.7695894630287717  -0.8711517034047273  -0.3268195825536294 
-0.6507501027032894  -1.0872732372143117  -0.30986832162831013
-0.6736872777957503  -1.3235628873543392  -0.758850109790228  

1.1238546807845737   0.30735955275653354  0.4284777639418246  
0.7154352957225686   0.04182747118351943  0.6807455278510477  
0.6061249615160442   0.26581569890064183  0.3874329004693809  

0.6390670542042164   -0.13392270516052066 -0.38293552265870384
0.6381203243294922   -0.2336745781713486  -0.03307144672218021
0.6336104934517646   0.06063090236306273  -0.06348565053372768

-0.7358609828390905  -1.8780317572714171  1.8965902323514228  
-0.7029690334415715  -1.5449069945064087  1.5561718872240744  
-0.907411070581063   -1.4680826737196504  1.9801232793657157  

-0.19866278284109484 1.280074823295676    -1.7501114923757237 
0.18088022606809434  0.9147301501835172   -1.4994697509593158 
0.18758562447205562  1.2225178859727448   -1.9715297678409238 

0.5196831549410927   -1.012086203191735   -1.1668444011501267 
0.3345670867786059   -0.7263367361697958  -1.713671648083191  
0.07273811089440457  -0.8251987781882641  -1.1494680238351758 

-0.9961208762659028  0.13334453217892872  1.4456129705191905  
-1.0092804463362086  0.26529471024441836  1.9364263208363643  
-0.8398987632851045  0.09532321940450336  1.557078021319419   

0.3723776202693561   1.4611328006961453   -0.3758731916965688 
0.28860285561989346  1.9496149639588443   -0.4034101257388701 
0.530967534266968    1.9995721304679508   -0.6186315786800247 

0.5870271543581489   0.2916357650511931   1.6074028744044364  
1.0277767466964667   0.3310782326873276   1.3258333220611762  
1.1320658369672991   0.3940788023074494   1.2873648142882468  

0.4510960751471435   1.2249883394912557   -0.44968554418378043
0.5588822004028836   1.2789721836732526   -0.5425113772715666 
0.802241097830415    1.3981073701654643   -0.2920816714389208 

-1.4807712723191164  1.7740951857596592   -0.5472871047740941 
-1.5215859001733218  1.5984399614244058   -0.4904897986878232 
-1.9580100747778197  1.6888248519431126   -0.3284575731892818 

0.5258584396027653   0.9161071107953693   -1.6194616111257232 
0.1531477947453713   0.7757110228402868   -1.9727598859044224 
0.11133041422062961  0.9060771055634923   -1.7698740802137425 

0.11983446293995409  1.5321865179336345   -0.9939667761545226 
-0.03165870131363191 1.4447192181234778   -1.1363723989689813 
0.23211200729074488  1.1477511644825893   -1.0081817354993836 

-0.7314198241708922  -0.23633573669271682 -0.4242901621713875 
-0.9443756637020384  0.14143122228706917  -0.28980940306593966
-0.8243618582906105  -0.17647043246842703 -0.3991888088752522 

1.022085746285237    -0.20448750435104235 -0.17992986197536423
0.9544143250800312   -0.2943604310656643  -0.03231045697028201
0.9863486552943581   -0.09944242203775322 -0.21254685415473418

0.0660550632158326   -0.7056938469708138  -1.5449803750665594 
0.1476949233272883   -0.7101689737420159  -1.246620800999097  
0.33884549258129737  -0.6200551652512407  -1.3127150415751618 

0.27328169923776435  -1.3702648489038443  -1.408949996781119  
-0.25393324208864027 -1.2704557960722105  -1.4934549757604851 
0.13308995082329367  -1.2800641500280698  -1.6279017027310527 

1.139358245075448    1.3203314459617472   1.0201330861115037  
0.7921883731794512   0.9129763922973514   1.253553094712284   
0.836638000059142    1.4019575303237017   1.2861681930853481  

-0.3296903505417309  1.1060104286575978   1.6046352405029163  
-0.5148032399994341  1.223126941388292    1.1731175353417436  
-0.4801801322752653  1.2276398591903968   1.4230458428904287  

1.8101015146498824   1.3156599795559156   -0.9731064575278456 
1.9305779135386898   1.367507222561836    -0.903292353690756  
1.875140805031483    0.8744049645222249   -1.0859052503502906 

1.6294419363842199   0.20479477341774482  -0.11022798070359918
1.2759323908638072   -0.1228841475777098  -0.3949283365489039 
1.1801406421758311   0.12787475750528254  -0.48427857947018205

0.8070814284916487   -1.1805147818694524  -0.5230518506549158 
0.7173044442805006   -1.2454895465769766  -0.7010060271040081 
0.9409619151232722   -1.3974317244324381  -0.6077319274499431 

1.2989429250246745   -0.8222585476728905  0.802657848860546   
1.1595752845527483   -1.0716806117407935  0.5825948775108988  
1.4806307512108035   -1.118516657831794   0.7591972177645762  

-0.9731117164556552  -0.4157040528866959  -0.025871691823955323
-0.8111622159165366  -0.12948483331416555 -0.18549269886915365
-0.6408777473931211  -0.5252932154365295  -0.34849753973759034

-0.40211566139701516 -0.46159207014442416 -0.16668860989046397
-0.5452420033597347  -0.6808226969330368  -0.2978856730092925 
-0.16082952629395186 -0.7888050845206018  -0.12945626169999136

1.1309063811029412   1.7693508261270576   -0.6936387850515261 
0.8155013862475304   1.9122259749494213   -0.6519836320746588 
0.7837355996657657   1.8800401041548849   -0.6363492764325585 

-0.11485021262827985 1.1348909123298823   -0.4967723882563058 
0.13532253014790924  1.2956538053460123   -0.7946722407274758 
0.0028535533552933035 0.9818353730462515   -0.33673976848906917

0.7676319098340294   0.437967947698954    1.4462540480657735  
1.1300555282995397   0.4956231462535617   1.667303088437011   
0.9158773944339139   0.5362324182520497   1.1716674644002534  

0.7895736771277819   -0.901617758471451   1.6583874712646376  
0.8415638229528453   -0.776024531456829   1.1694743356256352  
0.7677293024603014   -0.7280316573525232  1.3465507836356303  

0.40801610531167776  -0.6230637829335656  -1.5135988042609418 
0.33269282486342455  -0.5884091156789213  -1.9406046735212312 
0.3209713965117929   -0.6987044290651461  -1.478676582668617  

0.6227130781793986   1.1655839496189995   -0.7070263943900259 
1.08121448517221     1.2850548953657244   -0.34938856506143945
0.8506817192431322   1.5002408179074296   -0.5608707190658324 

0.9083275312847781   1.7296291364340477   -1.0691125166344433 
1.076809500784444    1.5978463088345207   -1.2966176327592762 
0.7251866115999571   1.8381833093633824   -1.2278321205690377 

1.6405839980661139   -1.9598454957047384  -1.616800546053065  
1.7362790386347922   -1.497301498563258   -1.861180576317587  
1.5768670996549259   -1.5232842383444443  -1.9290539103087831 

1.668216366179546    -1.476705801700899   -0.08937897223066493
1.698245778460815    -1.7593095606804277  -0.5196640690580174 
1.5599600455656373   -1.4928956493564929  -0.0811201152493472 

0.30667296392683624  -0.38464822823470535 0.007194649490317395
0.43651340919371595  -0.6353367853939542  -0.06313047410557948
0.25794258873434056  -0.6612024504129312  -0.26505730882932355

1.5955597810067759   -0.8863496038931047  -1.3749835946214946 
1.684229744280626    -0.7766281233664079  -1.6645415415649492 
1.5315076456837882   -0.7129295822404546  -1.4943302367084892 

-1.2378620237484865  0.2522490352431794   1.7291004242120331  
-1.6964182258276415  0.07608248631589143  1.951852534974782   
-1.6536152129174724  0.3488491872344895   1.9110572029431876  

1.2693717764666985   -1.442787167607419   0.03784341447670572 
1.5037600806649998   -1.525795963791618   0.4934713902517126  
1.442995341247265    -1.7492328712006815  0.5244233603482883  

1.1494155584096262   -0.7415904819583761  0.9711115275412469  
1.123470485564037    -0.6805152566980353  0.8073610656784623  
0.9326282740147414   -1.0255441028923282  0.7615909616751321  

0.25835738461770075  0.8840669085376065   1.5242960544983564  
-0.20110124546593922 1.0567722886190982   1.4252785872313047  
0.07069158885768051  1.318034891584687    1.6294877774924497  

-1.5908181253688258  -1.5185168719756574  0.8985100808251166  
-1.6304679995014517  -1.515675769885492   0.8098744652797958  
-1.4098452649815423  -1.5621890413997213  0.8526963508065566  

-0.7484226279577646  0.898448609343269    -1.0179174486121125 
-0.8849075004584164  1.4001666046836903   -0.9462366617083138 
-0.8011348050874697  1.4247409048310113   -1.3174114131549142 

-0.5789362280692617  0.27617389678771265  -1.477815550145626  
-0.6223778548550746  -0.12404616840150601 -1.3755645907707292 
-0.6926228216435403  -0.013077366615315833 -1.3921875731149567 

-1.3278963360723863  1.0265476469034356   1.546007854041591   
-1.3297195119977958  1.3836539323080892   1.5716380107180004  
-1.462859676322237   0.894373149619605    1.5482154948565707  

-1.609670550973996   1.773199734310348    1.5010509330064252  
-1.9489499613033243  1.5634861683510755   1.3177787595385804  
-1.4978136680793286  1.8807244239090293   1.6849556508274357  

0.7063503121233627   1.9412480471928928   -0.18025969434693362
0.5780718299015233   1.682859051902232    -0.3798081204553703 
1.0828975627142063   1.9907746497619252   -0.05911611700983055

-0.9806281239933448  -0.9567515712747947  -1.363395127254255  
-0.9824811636077162  -0.9132742742175003  -1.231932347677107  
-1.0710419053382296  -0.8601852346105905  -1.5636326098011881 

-0.02786783189176978 -1.018043821899541   -1.0411983138146743 
0.22929000372385855  -1.1388382604085263  -1.1289666210207583 
0.1767539612875747   -1.2713356935151578  -0.8720843367737185 

-0.07334340482669871 -0.5432242661171901  0.8787627179382997  
0.23985474725133937  -0.4152264095229412  0.6791004422954763  
0.17265029239436458  -0.39848179936946276 0.7533449004162412  

1.6786630096927204   -1.558281255099638   -0.11777435198524497
1.6496383659397695   -1.6979673428587052  -0.1457416998804714 
1.8290546542648938   -1.1557246263098864  -0.2806473329319852 

-1.8605531316762247  -1.8743224455572638  1.1672029778536506  
-1.9654793159925403  -1.6444565406547318  0.9427569516577087  
-1.9366533944865412  -1.4666611904941858  1.0443731038599675  

-0.6031760111028777  -1.8242470840241811  -0.42718447164944306
-0.30084580284092277 -1.9784466030763586  -0.0229056622578081 
-0.7162073691922675  -1.9697814480457867  -0.15334868034121818

-1.474305875026234   -0.2037526636622986  0.7970863562126033  
-1.6777416478923484  -0.11886756163069845 0.4284093928576981  
-1.9161398466918034  -0.2845806299638463  0.34480861076799285 

-1.566706119435728   -0.5569961344946632  0.9012240300311334  
-1.3500177299836669  -0.330180907751758   0.7113899601131122  
-1.52496049288425    -0.7623804113682864  1.1401398040360897  

-0.973040957546246   0.8125957467384337   1.5007691939742929  
-0.9091239807051966  0.8255943837270241   1.7727540988870771  
-1.3817578647758813  0.6521459280288433   1.5048719514926527  

1.157877347797531    -0.8043704941192558  -0.4559173202554366 
1.3209858329098105   -1.02989201695219    -0.4458068634468004 
1.3730456509439959   -1.0287203178951043  -0.06840612118720013

-1.5161182246018676  1.1662795764253273   -0.9865334411982871 
-1.9936683386721719  1.0452788131702857   -1.1213858991135721 
-1.9765081121101435  0.9436987244811078   -1.354197219430639  

-1.3971716712587958  1.0048706203223878   0.6711859187313732  
-1.315258985988657   1.024569159092119    0.6483952879589441  
-1.3111958849577194  1.213618861010564    0.834472492540093   

1.3986548386983262   -1.3728433718856865  0.2571691392493402  
1.3075287675127534   -1.245432186113556   0.4817168554151142  
1.3253217772932386   -1.4315990489795904  0.19477461590926184 

0.8113459170846549   -0.5478339452560912  -0.9734992384999817 
0.7656371458868277   -0.6529615272617473  -0.992700732323176  
0.8797498765185119   -0.3811911771845342  -0.579794457838826  

-0.08231238753991565 -1.2533712155879324  1.4345778302305097  
-0.27325500105167805 -1.3179462274331186  1.5308671662492617  
-0.48212613841189855 -1.4222739512805522  1.4679491431258394  

-0.20176071689509523 -1.8304680950325358  -0.6021775021019793 
-0.20169161635429367 -1.6371767188098838  -0.8273537864149654 
0.08401539385897683  -1.6663907503776785  -0.8717693718526028 

-1.6064568786225708  1.314598144881192    1.2046680998555792  
-1.5037545448197576  1.2709385493324645   1.1634176362108588  
-1.4610261769444313  1.2058179005370073   1.1157777311317765  

-0.11736146546798548 0.7909218874319093   -1.307984693802911  
-0.3763626236939901  0.7535821123126659   -0.9875455491132106 
-0.09603034699031388 1.0919324541399984   -1.3765151347853548 

-0.9712109449241367  -0.390647782940174   0.006556614365300972
-0.7006244177439005  -0.328827929076995   0.21542183889045463 
-0.8534426852485195  -0.38147634046798334 0.39575419805355694 

1.438681219990988    -0.23925608276530794 0.6559424881435156  
1.4908997611886086   -0.10097210872876497 0.7288169515009446  
1.6118221821705125   0.007642972693131855 0.5877220192783931  

-1.3821143004836927  0.3217521767926299   0.9287288529534239  
-1.2752644088634058  0.11071426892259922  1.1773861101678862  
-1.4762497412093802  0.3999141848004426   1.070369136028361   

-0.9171299332639548  1.0166138711702726   1.3307551815167802  
-0.5730786163971264  1.3045625689658058   1.6506421118428083  
-0.9078913929015067  1.3694149766861339   1.4694765563682675  

0.3641664131384917   -0.46698862049975937 -0.6988870842152878 
0.42113181163483515  -0.8275278709329839  -0.8355012450012563 
0.6067162812915188   -0.740169769437759   -1.0929453818226325 

-1.0594331223798505  -0.0037003654209750714 0.356488084123789   
-1.000165945703182   -0.20570832387433247 0.8321975163044679  
-1.1351588928278247  0.16655692812840373  0.40821248147153427 

0.29756784506027717  0.03430140542705995  1.0679678715043215  
0.3603748853687616   0.37483584521651125  1.1927412400318538  
0.025458514729470083 0.3816463111981239   1.0566856879225246  

-1.5137739914549564  -1.8014350650155364  0.9782125568212221  
-1.255132713545211   -1.6080067533542608  1.3568488938960541  
-1.5524728773160705  -1.811375864548741   1.1914459683097474  

-0.11055248619005353 0.04670603212315724  -1.2500376909714688 
-0.4002733801036241  0.060349825648926936 -0.882820339218928  
-0.5687579046988827  0.1801710246318013   -1.3932360961053027 

1.690922668360388    -1.0896398210537963  0.9155180825146221  
1.638683747033273    -0.5878283642979995  0.8379884863064098  
1.5961090525704544   -1.06267825119359    1.1390412823947007  

0.8100961416637326   0.5165364635199542   0.6575258737946013  
1.1054769204407267   0.8377628728808083   0.8688324036528388  
1.1354760162327016   0.8098227336967742   0.7371329982432671  

0.25108628544671624  -1.9206139289046822  1.8816963119822216  
0.37509682626178065  -1.9521141405879268  1.6509700882945493  
0.5142823019760653   -1.7466751381336776  1.6247614871225196  

-1.7618002155656183  1.5420181446053705   -0.3304194814224659 
-1.7551558673403986  1.470763767655235    -0.6307169141055944 
-1.511681841230877   1.4305708888793676   -0.6951091796321356 

0.3312574111969227   -0.8426915214289419  0.30050174098918575 
0.22150132091345265  -1.1303316976943725  0.4347156564648502  
0.26703879427635613  -0.6637357457673863  0.7570330386046933  

-1.8381706270621965  -0.9198605046830406  0.06870767200634223 
-1.6974116976750129  -1.208156514857723   0.14270792119618556 
-1.8534157155446673  -1.3543108021139851  0.1547920133984916  

-0.956241466601996   1.5729068062844485   1.8932509843573677  
-1.2732051954127026  1.8529037493833884   1.7554285181382985  
-1.0140241223540616  1.5092834138054596   1.8769012471410655  

0.8930754703482352   1.045428412672548    1.3851151443855498  
1.2908889908851022   0.6657025440447925   1.5164041035127338  
1.326852373013289    1.1313961156044214   1.5402216438507292  

0.6796635382428116   0.8023787506180955   -0.6279693735589346 
0.8045665872548465   0.8034950134114475   -1.0563108400836971 
0.7276082083625023   0.6136706773369919   -0.9239155172348084 

0.3842800659829548   0.8172062222270225   1.8829166114429852  
0.7371748349228485   0.9798001172460511   1.927734117258787   
0.3777572431659532   0.8389098373326893   1.932437348452261   

1.486694032902912    -0.6337111086396959  1.0375990120952654  
1.2540634797610188   -0.4950732846049695  1.3848234963053703  
1.6079614506202276   -0.4326291171964705  1.287396284896876   

-0.7794238448932627  1.2590012790776501   0.3193501818269601  
-0.7831060773200347  1.3675822846687904   0.2672763634046629  
-0.3904866303073395  1.281775947769594    0.4604528731034862  

0.05824013682272966  -0.15108428064880108 1.4526176388775114  
0.23487162821512783  0.06647499992917094  1.256916975748748   
0.281255779281288    -0.13907914291927384 1.2514726381166796  

0.03079167999621779  1.5653636367376766   -0.7459447853783584 
0.18709335448407854  1.6259774479709272   -0.8547391800218871 
0.45787108949986316  1.5184889285697212   -0.5112135506407498 

-1.5275908444764539  1.6067204702863638   0.21211166057228825 
-1.743152766656848   1.6886673304683297   0.45996720313741807 
-1.4821927338038132  1.7066578577135747   0.31240429849955176 

0.5684991231886745   1.538990469396028    -0.04826090050782364
0.4404010421852973   1.5444019961100846   -0.1332516295318438 
0.7914213016490522   1.5280054982822278   -0.01015575867059032

1.293830285670728    0.24039257881145337  -1.1792555922098247 
1.4301691484859202   -0.007761935866665848 -1.350619995458191  
1.431872752237236    -0.2649406721379814  -1.1494517327785392 

-0.9140081338837607  0.5724095067745983   -0.16299528484868397
-1.0266469469577175  0.6471119296509399   -0.2909728161862226 
-1.1404298490665876  0.6606450028270123   -0.3679129233466486 

-1.1067453169402806  -1.5172537410065396  0.3827569624225755  
-1.390400295541032   -1.6578930467608908  0.23628147245297065 
-0.8939426625840464  -1.642533545331803   0.2856529749950656  

-1.2224210734522958  1.6118544748667887   -1.94971765591253   
-1.0191290001620334  1.295513759973086    -1.5027853550108883 
-1.375204486857882   1.4394555115335452   -1.7055443729032018 

-1.994114583739884   -1.1276312912360957  -0.651533309901575  
-1.8563058157864043  -1.3139114807818406  -1.0362879137935601 
-1.434727121489558   -1.1690240298743684  -1.1144147202758257 

-1.3249773736373578  -1.3517726764203999  1.5826707822470878  
-1.038760427582905   -1.419226889887802   1.4507940304776912  
-1.3128855817118956  -0.9456492951665784  1.8654184666082414  

1.2716195876879612   1.730550227715041    0.3519368427176192  
1.262778000060004    1.5326137734405176   0.07451479241781023 
1.602771859340159    1.7690220296020924   0.12847319537191831 

1.6207637620158748   -0.36433195895849857 0.10922503625135122 
1.5845047801574108   -0.230420979590443   0.043812227783314006
1.5422290464040467   -0.44105125784762567 0.02346986262575329 

1.599707792673926    1.8593833021501673   -1.1856926249125694 
1.6765779004378332   1.9070519159661947   -0.9334835986571397 
1.7488149093995875   1.7833640421598727   -1.0516512006791727 

1.190114196194502    0.7087708539416963   -0.772758733530825  
0.8914244297790638   0.6976468385593179   -0.5866562164705682 
1.0395186451181893   0.29953060965932116  -0.7196894779936251 

0.3197201409576848   -0.9829091342277293  -1.5701074789758709 
0.4876580737611612   -0.9306619327672954  -1.4783508863429748 
0.34973272005782524  -0.8606436123467955  -1.6460361790013769 

-0.8735674447130358  -0.9944700807581611  0.4976287478682955  
-1.2581296934732409  -0.9072594129088929  0.3001825412362922  
-0.878689043478545   -1.3242451803902362  0.49561907793904664 

1.3918323984330334   -1.231294962444558   1.469338024029392   
1.2134616178326474   -0.8682720263542234  1.6865252612871777  
1.1492320488517926   -1.3828046914829089  1.5417220367499793  

-0.3804496278356779  0.5192653004655373   -1.719282325648555  
-0.2972140985303946  0.7663499964296103   -1.950381794155916  
-0.3149562518066616  0.8120079347782416   -1.861059622973769  

0.6280436161933908   1.4829800246920646   -1.309999304239219  
1.0249051073875333   1.712056515895758    -1.64901884125512   
0.8783964914029125   1.4542454209980438   -1.3453910689484352 

1.2074831343580967   -1.5369902269564737  1.416517161086146   
1.5451569449979485   -1.6859230617557113  1.2777140491634649  
1.3563842089108233   -1.8549021077280852  1.3704595102367119  

-0.5834687787109858  -1.1980681064444039  -1.237872145720298  
-0.7660724672355986  -1.4215445918970409  -1.351449710742071  
-0.573972652672719   -1.5625129414943935  -1.712851110996068  

0.8963155141039097   1.5110403412468916   1.1360751815566001  
1.1687571232745997   1.6721052430442045   0.8375452819522304  
1.1031727983227793   1.3944407008940205   0.6803482107433942  

-0.2389817636982029  -1.9380059832028371  -1.2319215082062434 
0.15789651846781588  -1.7214816910097588  -0.8992686206851702 
0.1975444850581135   -1.8075262353215904  -1.1319851318426752 

-1.6183157568756765  -0.09039065514919792 -1.1454737539984314 
-1.4130098831764832  -0.23863815416671552 -1.1743546336933999 
-1.7035685090942847  -0.4488176635380413  -1.6892024005936164 

1.6827709185173283   1.3711002226180085   -0.44386807030805187
1.8699406346034813   1.539000754972372    -0.12445382374091996
1.6094615933668106   1.6945220341464504   -0.19782469246806178

1.35307847853143     1.6376582835478848   1.704692195576995   
1.520477001332191    1.3828820927563275   1.8938048529226952  
1.6477486810689128   1.1561327923185967   1.983031774841277   

1.3940609146466822   -0.15779619091909491 -1.9532214206530494 
0.9025361561988806   -0.09534510311190947 -1.8560850114203267 
1.0247642381863553   -0.37478532313499435 -1.5982126724595447 

1.4905335315298505   0.7065105173144138   0.39820163407375975 
1.434879079571816    0.7664735192515091   0.5670367414167243  
1.794313225569113    0.7314350239350536   0.3349463258044725  

1.8620985531755991   1.3241144682844      -0.7268229866352645 
1.9720486956627568   0.9201096385718577   -0.644338608664239  
1.753900348232249    0.8979934068733011   -0.6262032427456388 

-1.03886212125788    -0.8235788510715778  0.8775486792112277  
-0.9584321542435948  -0.8286332538828085  1.374955494497733   
-0.7145758762655428  -0.6973703105929057  0.9161061568890293  

0.023194757911443098 0.3901285548623228   -0.1484573228339841 
0.3573435266697434   0.38903983188638935  0.2810230394503628  
0.31689335199432184  0.6327506768343633   -0.046380403932661296

0.4346587440257237   -1.0707637139344626  -0.8978487705254481 
0.4879635333730474   -0.7007061298890841  -1.112336500584608  
0.38733035277686123  -0.923081277527608   -1.0958188709329044 

1.0739138458420627   1.3193155105714771   0.39436497201506054 
1.1215329259677334   1.6147349763280312   0.11824541175122619 
0.9637503550340556   1.3931525270804923   0.21860657649973847 

-0.14884786161003247 1.9738442397517317   -0.1944798233991804 
0.04439489459447088  1.7775866119399062   -0.3470395161057961 
-0.12391430350314389 1.7334002744562658   -0.0658913739442839 

0.935199944525862    -0.26950688597197986 -0.16213443968980962
1.3760794269542371   -0.4788849173028491  0.15510730361837743 
1.131490670532994    -0.3563710113375358  0.19291208570904028 

0.8489318945105154   -0.6844127751586059  -0.41749913522939   
0.5835959033206628   -0.7440422777250202  -0.01700846924233257
0.6529893999655574   -0.5189311025429342  -0.17931437302431286

0.6166359817053875   -0.6210888184432509  0.33866357718103407 
0.7689193457940902   -0.7165740323750154  0.324806287678714   
0.5142722316175795   -0.574782080123219   0.8544772003258718  

1.7004359083255185   0.8396602322854079   1.3111190601896046  
1.6188221890027887   0.7554178188176335   1.4320654528446006  
1.2838324843132374   0.8141836603329279   1.199009450136144   

-1.4706941238847704  -1.3165678914203847  -1.8720862953874358 
-1.6707145606063467  -1.697686097825685   -1.756370864221319  
-1.7465599179267617  -1.4176376330328302  -1.9712919077781563 

0.5962670446123273   1.4453090006389038   1.61355926922421    
0.870775239192112    1.1995033082077706   1.7916426312029574  
1.0294053580236884   1.484633726290272    1.815255325940074   

0.479670447191791    -1.7204355398802471  1.2336303573672251  
0.7598375978965836   -1.710495542040564   1.271931854061522   
0.7466655831866652   -1.6705843240616154  1.6598559341748005  

0.6332700048795092   -0.4044492751820156  -0.21700831342720356
0.6628131447833429   -0.715064175248887   -0.004439645260624014
0.6931697792429145   -0.4281781130648874  -0.05953912154139984

1.4427993685611793   0.19683404994033282  -0.8160192370801804 
1.4927340225858674   0.15039199894567343  -0.5648000368000233 
1.7199507028026435   0.059955809220262585 -0.812124099532125  

-1.516792888021232   -1.581593044772968   0.8547981570812242  
-1.750354364727687   -1.4885976580446352  0.8646981857685362  
-1.640142337798199   -1.4245221733684086  1.0776016737135081  

0.47494871171627695  -0.5133177890268699  0.10702628600080866 
0.498498173370164    -0.08039254074359925 0.3182900639461743  
0.5037491347359985   -0.4524501114191254  0.2159603196107659  

0.7944474732897606   0.22077876458003332  -0.5418904512378124 
0.6050360482505102   0.18840563316640968  -0.6688159676745402 
0.5775942801357548   0.18685764865494697  -0.49720500189416406

-1.2047162692356723  -0.2053912704785255  1.9047816328607898  
-1.0946271807478616  0.16453945029751993  1.9370419694240915  
-1.3653640791470738  -0.15799144725248837 1.7991975633622115  

-0.430193474997023   -1.7066560307367598  1.2374432815059975  
-0.15614772044740266 -1.6342918890073441  1.1922154939538467  
-0.42017800283851503 -1.5199898712529027  1.2016257618481263  

-0.24901034366947467 -1.624602509812227   -1.2500036484694614 
-0.07966304933255469 -1.535606624010563   -1.6985889721708876 
-0.24248690481170848 -1.6191632891656937  -1.5443592818828702 

-0.15706109748410915 -1.0252940850965009  -0.9181576003415782 
0.08835693071368189  -0.8336196009094099  -1.0874199269162286 
-0.18299390261324872 -0.5753684580501526  -0.7786134732155852 

-0.38314278862428724 -0.46329184937250767 -1.5053261379483804 
-0.2737776044357024  -0.7809454311741217  -1.349116651609924  
-0.000929655798800999 -0.7555890160484109  -1.6965301367017578 

0.46270272777103766  1.3917446180233548   -1.770094727971292  
0.00787700985092138  1.4922123404677436   -1.6262712756725992 
0.4612009213208537   1.6360212429097976   -1.6906825706762514 

-0.7901518450388261  -1.1196560610601138  -0.9270103645478253 
-0.47766743629055336 -0.5953519715233857  -1.162696922917486  
-0.3279722987764906  -0.9791032403895714  -1.2136835099738315 

-1.290726257801152   1.0387669757508293   0.6866362260672655  
-1.6783606228957673  1.0997003753966115   0.4271087110327283  
-1.4567012504073782  1.0103193082713755   0.7574787876670052  

-1.6751112858061512  -1.4983967794310415  0.15383638268093522 
-1.2204417366519715  -1.5365489717022618  0.3250121523786958  
-1.2407922761246328  -1.937451400811409   0.289487317201516   

1.4069565105717996   1.1570932561761282   0.45394300625693174 
1.3251507093202073   1.188694539917398    0.6552352225105531  
1.2542611241464594   1.644052200605944    0.6037783284897673  

-0.3300595324401848  1.184691249481768    0.5958548867808611  
-0.4669988910796545  1.0832423937976023   0.898795898105782   
-0.8156047655355325  0.8643728639034591   0.9217282917136651  

0.9711484228408032   0.3497319023123987   -1.1528333990079007 
0.7761917538280827   0.43075360846846944  -1.1764295457011484 
0.829088467069568    0.3029997416992006   -0.8989141852866263 

-0.5939883737130087  0.6810171857621727   0.8039646672066901  
-0.8769096060832917  0.5787425600315481   0.897919497163297   
-0.574990656834227   0.691456003570283    0.9203972661783066  

-0.5794695740878892  -1.5656221065227856  1.294819402937375   
-0.9569649207105515  -1.6743468536098782  1.285835323376364   
-0.9281771250349453  -1.8603435091935887  1.1262111262040926  

1.8841890881511252   1.1043476311959097   -1.463500993585149  
1.632512998003135    1.1468856901034838   -1.947328048434597  
1.9233023576033244   1.3206135965170012   -1.846784794858249  

-1.6250572417309006  -1.0613329253127528  1.6237862430335201  
-1.674733498066232   -0.8977160306923716  1.9854608430586422  
-1.622223937703131   -0.99330213695652    1.5607453256567148  

-1.7046048604432067  1.8499508037380434   1.8993190208812698  
-1.2119063335356492  1.4904382578780582   1.7910153765119794  
-1.485652558718035   1.4605259207134889   1.7538637608889411  

-0.07686854837647683 -0.34915156310214424 0.22933435949195044 
-0.41692085186365935 -0.5894894772500199  0.17184651839178944 
-0.2382981158252187  -0.8094211489359393  0.4195688202693957  

-0.8436389629511822  1.3313333988113767   -1.5926244743591165 
-0.5778246705510738  1.1574720376639536   -1.1860615739027156 
-0.5906630900697958  1.1658502858576403   -1.4284528827697356 

0.044987498601557874 1.327520167419445    0.1550019065964064  
0.22111426599178796  1.0871557263388758   0.2670634053756922  
0.16279641657842536  1.3292397157417972   0.5130934997110619  

0.07410253597370353  -0.6156775084871146  0.5691148645645576  
0.5671871994148122   -0.4860156456625667  0.5980100505756347  
0.31987089171164457  -0.795314764751716   0.8141541791076834  

-0.8155586451228634  0.14800370957044906  0.8560761546609145  
-0.5404543802049739  -0.06726743886027503 0.7710646364269171  
-0.47509819162477235 -0.15420455624692217 0.617121478758723   

-1.040087072858956   1.0280581869598373   -1.0374880768972865 
-1.0982281110141126  0.9193701263232187   -1.1221418036780704 
-1.0619386782136937  1.0543218160856989   -0.8569473407923893 

-1.2028677970831374  -0.1426929113141494  1.3757104400379576  
-1.1759223085089143  -0.017869850715382052 0.9858535718249902  
-1.2496414572667778  -0.1194326789511217  0.9600133684786063  

1.4514043880122824   1.4686166375328018   0.2942941677216874  
1.5514938669775424   1.293873157339537    0.3357292041980046  
1.5931672327089248   1.6047184875605693   0.013176587549046659

-1.6421798564825698  0.5132495464566422   -0.8188452319557963 
-1.9885854519039414  0.17396093973162163  -0.7031705787626527 
-1.9640386211449394  0.16269089773788067  -0.5102752838781708 

0.351963044592065    0.7335768144327426   -1.1890663119880331 
0.7413659587538799   0.835404880296515    -1.5355065326611428 
0.788396321916294    0.6057060911517148   -1.4520327883669677 

1.8357902902811678   1.1545437769392528   0.5587273355558797  
1.5651723777677715   1.3824939099502633   0.3942511303142787  
1.6292371413873812   0.9392917994878203   0.36027732594513234 

-0.04559828735665747 -0.6401775440926307  0.478533633369847   
0.07479327076098086  -0.5587041169089386  0.5759147894718506  
-0.10956004483358797 -0.38299324511566996 0.8162279329317061  

0.9895624222695446   0.07890802968333199  -0.859638370138289  
1.326099036232828    -0.2030858637510758  -1.0771041769411127 
1.149747488004802    0.15533815115990185  -1.0346472594768346 

-1.6470221935436429  -0.8067642332871242  0.27589090014250695 
-1.506948313333269   -0.7469959700666454  0.010373762297969769
-1.5803165811207236  -0.8340951566010351  -0.271113196744831  

-0.47587670718961506 0.7463641044635703   -1.1060505471592599 
-0.3775038486546164  0.590866207684095    -0.9836144215650996 
-0.07470928768494217 0.35182253708314515  -1.377514622196705  

1.6955430815916395   1.3022641078289818   1.1952604722064692  
1.9595796700387038   0.9739518817574052   1.089386394694786   
1.6520090534995593   1.2300648707999335   0.9879014119891253  

1.9949603728924752   -1.1527563787229915  -0.955446606538117  
1.8916007932686933   -1.307396019447151   -1.3096550167028322 
1.8974665685312195   -1.1784347768689456  -0.9696118858276632 

1.6654501693143602   1.443685984463772    -1.5155549221675386 
1.1591371142602396   1.479169936525794    -1.8594762324291267 
1.1538241536376799   1.8091041168018318   -1.502652604631909  

1.7085563751121338   0.6891306919886577   -0.9875789415997199 
1.1738002539997334   0.6032639950822657   -0.6036413148655243 
1.4948882530766252   0.9936870971944523   -0.6085481034485308 

-1.854180207077844   1.6411824364454686   0.46368015609924795 
-1.6280545787725433  1.5906997309423532   0.6450208833890445  
-1.8720245207690773  1.5519912331984755   0.4290420703941574  

0.7633204776191491   0.3292188485371136   -0.7437264023033634 
0.432211509250334    0.13608142815427807  -0.625896278847612  
0.37335546694392974  0.5687343800252388   -1.0428231637855503 

-0.38020908915881835 1.246425455812874    -1.5358075774167255 
-0.3136452759460986  1.1482736235827822   -1.6590117751624591 
-0.42198782297270887 1.3883667877811101   -1.5696385261916372 

-0.11053207503465196 -1.101800029030003   -1.4982317503845977 
-0.1344621378680769  -0.6521509985385718  -1.3443698647776254 
-0.07369810106445623 -0.961874647076818   -1.550161483753001  

-0.9222244667990372  -0.18126837666751236 0.03317836773705812 
-0.9526871751165694  -0.21118378893104567 0.5259746943989025  
-0.9400754910098102  -0.17778262473267603 0.29373801440582353 

1.6836145569512202   0.5661569542126292   -0.662726524612484  
1.99376347913306     0.39089367955415366  -0.7036664263116892 
1.9104844113413764   0.4002848011371104   -0.6508722802093849 

-1.8819614635090027  -1.7422422582942374  -1.120940732775118  
-1.7080569939676136  -1.5370800217416654  -0.7938797483083531 
-1.9223002991095055  -1.7732571016053256  -1.0697697205211032 

0.18481843687486016  -1.5571299901236166  -1.414922369120917  
-0.17094505415176847 -1.6579971700862095  -0.9011508417840097 
-0.04407190505250583 -1.265508673963064   -1.0082367168049635 

-1.4319149651905863  -0.7130992077434496  -0.6363289939558376 
-1.8267363029890902  -0.8493384933796451  -0.7718111977407196 
-1.723145938456657   -0.9811786571413645  -0.5064242695704629 

1.272446458392496    0.2439448011808606   -0.3031268761627838 
0.9957202168153941   -0.20122538872954138 -0.44043754525596907
1.0236056344801892   -0.009302284523493465 -0.5193253272498866 

-1.040924235215348   -0.7695463521209862  1.4941344797676313  
-1.2992582906203247  -0.48353274298032756 1.551737146935979   
-1.1322076309787126  -0.6405495041226419  1.3865610213466093  

0.24262912915919632  1.3424810509587664   -1.6060249968739355 
0.17292310482869117  1.299103355088824    -1.3790227039527048 
-0.07192341743359817 1.1839774085161738   -1.6900638493481743 

-0.7831272180854618  -1.1016779885987762  0.5803358120185458  
-0.3906313788067325  -0.5818373202156056  0.7307016832445111  
-0.4929061454180462  -0.8192100928305184  0.2866326496432847  

1.441321728211454    1.1942527513185153   0.06487835061445785 
1.4102910836733138   1.4100021058201482   -0.13933647887033582
1.3214267583376005   1.2329676074325695   -0.18875235442014765

1.016935845823354    0.4480289997443746   -1.823232595845437  
0.864823140222949    0.6380525917022037   -1.837070007376529  
0.8240506078342107   0.4515074482939446   -1.6311832504011308 

1.4287654090315822   0.6219245531836415   0.03732440882128468 
1.6332259839752599   0.5344435306549131   0.3738647607724406  
1.4816860830795828   0.46309425165689094  0.04677764302408649 

1.341548922737997    -1.480596951197324   0.5929050641777065  
1.2338468289150468   -1.7015623221765512  0.44219949537565884 
1.292116961649029    -1.2706662688837111  0.40026773577930413 

1.3195694677422223   -1.8205892171930218  -1.4334522735037851 
1.557877834601838    -1.8730513770490913  -1.1872142434081907 
1.5748545700115213   -1.6252575644628415  -1.5595611918884813 

-1.7036082748874146  1.4747316365695766   1.07196712153362    
-1.1577095420008847  1.4325072295910704   0.5972640597986592  
-1.7013141770601425  1.5151913639448407   0.7496876390401874  

0.7719870076787579   0.743671886450467    -0.44128982485757395
0.7601191477597824   0.8464512111795106   -0.7745265926257177 
0.3398486108911286   0.6202223244870944   -0.5513976471505848 

-1.6480440012853341  -0.3655888897869796  -0.9227474336809964 
-1.4295236626858168  -0.7035680754541906  -0.7861701557616652 
-1.9612062232678964  -0.6148812659076219  -0.9982658864490919 

-0.7291239327599514  0.34285559053104414  -1.1723004256669485 
-0.9868482092120279  0.45617061638320255  -1.4851166704241352 
-0.796655054468346   0.2826536921503934   -1.6699662201982    

1.3064372979129333   0.5205928650968707   -1.6183249825037318 
1.2837096519754303   0.03607754930482157  -1.885240656406066  
1.4591541551828633   0.15019975909806732  -1.471623986770041  

0.3593608680251138   0.4332810732897861   -1.1347124457481164 
0.7635838310215386   0.2705811315941587   -0.8208640085773415 
0.4858194041122661   0.1165777662799646   -0.7326297407361773 

0.6792357175282796   1.7147297388930087   -0.8850851861242611 
1.1139299129637614   1.6994908296362654   -1.3890094111270508 
0.681625439852456    1.5340629700292547   -1.292395084678618  

0.046836486767438484 0.5365594788684519   0.8494524826780938  
0.1930897184570603   0.09874206776397781  0.7824102683061188  
0.43380871100271423  0.2026188307849185   0.7718490400406204  

-0.1041765989443072  0.2709769851640401   1.777531117294037   
-0.44368022419259034 -0.001317679880939171 1.720273925565417   
-0.26609042247044784 0.25550380501007974  1.6769099733182362  

-0.02667942368798687 -0.9219028336559574  -1.12476617282093   
-0.20960295365826015 -1.0295608684542201  -1.3073530693113493 
-0.21075124990817246 -1.2700228532604383  -0.9258720504704164 

0.6964904252601034   0.1059935419716087   -0.6529457194619953 
0.45950453413657555  -0.03605048180041287 -0.9360205727091074 
0.2925682598079251   -0.2627710311712572  -0.8638421006692081 

1.057441424111735    0.21673596534554118  0.22127566072308927 
0.72214349252847     0.08179899759642945  0.38375029967405944 
1.0202188825956324   0.23337848670696637  0.4213578906279193  

-1.7425150814024744  1.2778251228289361   0.2907970694811215  
-1.564069679589947   1.5634620164337962   0.7231312130330132  
-1.5174953290267021  1.625301859684844    0.42024357506463206 

0.13674407608777983  -1.9528143038887902  -0.02919124974908116
0.4998126584207019   -1.5861856991038226  -0.5053306645695825 
0.34612357625964046  -1.6326822611295673  -0.3074575397405767 

-0.24457951570519215 -1.6877753946382676  -1.7196435353439588 
-0.06224976659853676 -1.2501044267761006  -1.430664769006796  
-0.47389835463328667 -1.4001001298627411  -1.705405310645023  

1.438967556555588    -0.014248912512759893 0.5379149499736189  
1.8070359239831788   0.03686347381204097  0.5332989254937246  
1.8044639214398708   -0.20688568020252016 0.49094750402376697 

0.7160492102606391   0.7074028662834442   0.6012074806341565  
0.7303200583970437   0.5926347063451602   0.9410222592093377  
0.986928993154562    0.8785435221082294   1.1030564025853304  

-0.7972154127888803  -0.5755549698944693  1.498321545831733   
-0.8812696560529414  -0.48917513563605963 1.2403838709954291  
-1.015235004724423   -0.32260641827217285 1.6126721799127244  

-0.4820196248526937  -0.5578573444805264  0.5359402587429484  
-0.6198513729086185  -0.741044552141309   0.15770017717885537 
-0.5933047263252058  -0.793391946292031   0.29681891296977553 

1.9648542717653605   -0.1501574476090689  0.5763486018942043  
1.5069083910160557   -0.15729057274622282 0.5972599128045959  
1.4407793027063565   -0.4914473282784067  1.001729214084308   

-0.8718540658192141  -1.6331518770127396  -0.6017473888406575 
-0.8769824937238684  -1.3307383421969003  -0.9426925257847665 
-1.1325102833154355  -1.6247170652595853  -0.7877153270630588 

-1.7591308918066244  0.4047215477205671   0.12368339659763622 
-1.8893625940105176  0.8185565574004628   -0.005247311500596319
-1.506102721814494   0.655428509434145    -0.2850446340802555 

0.18423934913039364  0.6144224495105444   -1.2750106226746727 
-0.21252795557295295 0.5597033849782928   -1.170433689309665  
0.25899840917124295  0.6580167449051355   -1.4994628282733413 

1.6804854090062245   -1.2890614747569782  0.32942150955755184 
1.7178329301116504   -1.6407174147134198  0.26065915486783553 
1.4895060058936185   -1.5878837968156732  0.3417163838654704  

0.09511732826552427  -1.7975623326915808  0.09753958392575696 
0.15130428103064653  -1.5520645616860518  0.0835149166362284  
-0.2397360604966347  -1.8733154174236875  0.07604549160135454 

-0.7542889294713505  -1.6348549014835452  -1.1311114980736445 
-0.634946511130607   -1.9111615883638557  -0.8482670171843769 
-0.2893885324088731  -1.5731577104125556  -1.1095270997055822 

0.9379133698504263   -1.1357724816281924  0.4933249645171062  
1.0950429439982212   -1.069655178001769   0.0010015078075512052
0.9210878045205022   -0.6623226150798127  0.23083087597337126 

1.2001245943192873   -1.5236379888254763  1.2241539791562226  
1.178340401066286    -1.1717670060370051  1.2058525713234882  
1.1672833762114148   -1.6236159765403788  1.5183129044722263  

-0.19692839372801108 1.3605247392819675   0.7144692254763387  
-0.0896504657604012  1.1056567236055572   0.653844927843376   
-0.10777648432573761 1.2266714546695434   0.8498322968593773  

-0.18466708994973743 -0.05068482707179045 -1.097165069403895  
-0.2733194758385176  -0.1613785018416905  -0.8771663584556335 
0.1804712394382541   -0.2882043963664309  -1.2195302201490685 

1.413479594985147    -1.8742375203236292  0.39873698200588875 
1.4474503484083523   -1.6299504610483062  0.316788780207953   
1.4835868040236107   -1.5866304668751128  0.1962121039586841  

0.12942586770172282  -0.06366655695323964 1.9136246991346921  
0.1300943658488584   -0.2640645574438226  1.6491539568395295  
0.5473476938888672   -0.060942446986637866 1.8646186740225477  

-1.4253111675256207  -0.43530297085491015 0.24659386475079043 
-1.566854755245247   -0.733988842994502   0.54105145639614    
-1.4755740863930198  -0.563430731510862   0.5249869330541032  

1.3086665777410247   -1.3113312994161102  0.22238816743689738 
1.2613053154569525   -1.4262636870855587  0.2594401221171153  
1.1982827395106503   -1.4802615304381876  0.07503497842302453 

-0.6237929281328306  1.0836256954653465   -0.4837713158887329 
-1.0681308135884695  0.9002623935221108   -0.6757442327077724 
-0.7713076598316935  1.031762768867503    -0.5006636672666889 

0.7593007620804451   1.3852648072583704   -1.2459560606531825 
0.4669477861009018   0.9486697129955236   -1.354573336867509  
0.782258316471706    1.241945496460655    -0.8775718357728596 

0.6295630681713851   0.380410071489345    0.5590949295978773  
0.5382346585552878   0.709377706112411    0.5697600962302155  
0.7482950890252568   0.6200713960611683   0.26627178864407575 

-0.3540873566172502  0.7002982682563038   0.9777742388863504  
-0.5324560428206466  1.0960531817888692   1.426837732355796   
-0.6226857371526827  0.9736803885617308   1.0015754690235976  

-1.5575761802453707  0.03173800721966347  0.7496309160580958  
-1.9193730643830453  0.5566818859943069   0.45583275783264077 
-1.8416218035888892  0.2838509149275975   0.45596263162838624 

