263

-0.8052582550538894  -0.17900417947901165 1.7668939426648387  
-0.8634921545687129  -0.4201213777831775  1.7345479955965664  
-0.978042847298894   -0.5330023127859976  1.5278935899678536  

0.6383674405752389   0.9685109872299096   -0.6277261711356773 
0.5097423279126041   0.8551025763571276   -0.8092194385990775 
0.44515322935278034  0.8186418402630518   -0.5973553714089289 

-0.9000409205334977  1.5690802397142856   1.5418258916004222  
-1.1913243671945157  1.817388125002952    1.8437184006696088  
-1.223655688965876   1.6411936489129013   1.5474435131293018  

1.7342257965544214   1.35862945787567     -0.40391230616179036
1.468165494791409    0.9479486390607614   -0.003780181421779494
1.651811427567729    1.0938009462043816   -0.5149880820201466 

0.5467692241956115   1.127968514561434    -0.9459557726340382 
0.6713755547715488   0.9339199041377427   -0.7243878201741943 
0.43695618267333947  1.118142622328108    -1.026426823515612  

1.4769843011187551   0.4022695170175674   0.3936534113668201  
1.4212204363790812   0.21630012823530648  0.3791512902261993  
1.6697720886933074   0.35731321959735696  0.4261778179729445  

0.3976549190445182   0.08983857305809773  1.4402533240512336  
0.4816034236003911   0.21085262398390114  1.4867329810747294  
0.2909704481957288   -0.037979082380112605 1.7757940970620354  

1.556900831914976    -0.7175513458804377  -1.1312456011922636 
1.6846935905126      -0.6070390329284232  -1.1259585719924612 
1.7609983626518264   -0.44529036720590504 -0.9741385678268384 

1.3179725779034108   0.39365349028183977  -0.9286578301076085 
1.5990640360947788   0.7511487024488895   -0.9554746846577252 
1.5910419943313507   0.43294462987976895  -0.8098054444601046 

-0.8779435443215292  -1.6724364120804425  -0.04218478599103326
-1.0817172852770138  -1.2490757908930625  -0.5031296897774542 
-0.8868821318522851  -1.5940611416739858  -0.02268904888600143

-0.4908044654067603  -0.8304592868869369  1.285927712900992   
-0.545051439126627   -0.7150962375956424  1.5397788662758805  
-0.5429436490615452  -0.7877814413471589  1.2396758536656458  

1.3938649282869489   -0.12451008197298644 0.1747540737544313  
1.1874694209788021   -0.10783237703538726 -0.25687167217883383
1.5982850669167172   0.141674321271487    -0.14421704829465457

0.863621642870787    -1.1694960370802001  -0.15431867222070295
1.299799771896672    -1.4283665233132876  -0.07276491130022367
1.3319563246675323   -1.3120291280879541  -0.1604636729934772 

0.8702245310748764   -0.5590764324929121  -1.810462385901139  
0.9002715294395748   -0.5341510470773502  -1.5036792463485342 
1.2969353870501978   -0.48685207446388173 -1.437056176098736  

-0.8125686440819746  1.214151846282526    0.05044277596502328 
-1.1086584095724714  1.2479760562050854   0.15772453971937173 
-0.879572101559859   1.1399188588325257   0.12372068483853349 

-0.832408274617825   1.3599282097476397   1.348789201541302   
-1.1046685765463118  1.3395187361074743   1.6067017570925919  
-1.0375640963945714  1.4213496156050753   1.5921145718002445  

-0.817624789402373   1.2261838138017476   -1.3563848678548185 
-0.4854570618494945  0.8689308994444609   -1.3242501122477162 
-0.3663889711660815  1.00222982904304     -1.2619127658999056 

-0.24970255627917187 0.5382755161915478   1.6391830774530765  
-0.08941074156820067 0.42485905069604024  1.212838513999296   
0.2071503066233379   0.6783756814958147   1.4175074039426907  

-1.241990587315748   -1.244489491177608   -1.5983322302812055 
-1.2483820960184366  -1.2924811824042504  -1.5938784298496964 
-1.4316484016274549  -1.066488398500063   -1.7731146832330424 

1.7601652295729284   1.8800582946413065   -0.5947804819626027 
1.8053493652782295   1.9015872832542198   -0.544857711094797  
1.9938461914626435   1.5751906010546664   -0.7325247410819449 

1.3118608416839537   0.7272414923382761   0.4820391903063694  
1.2305982216852882   0.7475074007459535   0.2148073512806626  
1.6636296978765763   0.6296979892989589   0.3491142706977754  

0.3430304040723812   -0.954879811429179   -0.9422556899527655 
0.7322564040474515   -0.7084852011181229  -1.3359236080727588 
0.6776326335601717   -0.7384405582407699  -0.9412104556858104 

-0.998963363446461   1.5813122596503306   0.1897216487408821  
-1.0315959972747175  1.667572847915374    -0.20298396789786427
-0.7530190574909941  1.430723990311587    -0.06155920353703312

0.8968796434099087   0.3811990482094628   -0.6328784083611292 
1.1598131333006005   0.7589045835537085   -0.3457845466713756 
0.8785608329996077   0.43649113131433703  -0.371339911375947  

-1.0077860409341195  -1.225656395469265   0.17477211754771435 
-0.637740558402244   -1.108798655738351   0.19357740535464307 
-0.5808641289296851  -1.423495184743058   0.14511758492018853 

-0.9987319811236064  0.6843298633718878   -0.11241921166000055
-1.1168678450505545  0.6152183174445194   0.06843221747190747 
-1.2923327880237765  0.8480523931948017   0.030656586507741113

1.5106917451772415   -0.9330094190444211  -1.0290556811128022 
1.763253690493686    -1.1888737724942477  -1.304170389302062  
1.6336920094722545   -1.278128822544792   -1.1312267764533175 

0.46865373465326265  -1.8532542763965254  -1.1677492301819616 
0.5608211323828949   -1.4537475914074873  -1.4048894436156336 
0.5757684525137715   -1.6674705942861063  -1.4439405833488852 

0.41647138479460394  0.19867236322209203  -0.261554727019677  
0.5576482881306379   0.24516498396171793  0.22747925506614808 
0.32093146139374884  0.23746990198783768  0.16647284359476877 

-0.7028805883524406  0.9284610781292608   -0.8040872290876597 
-1.096368789039073   0.901591101226114    -0.514571632137854  
-0.6361123780141859  0.8657012189324957   -0.6992607593226762 

-0.6823316624851474  -0.12746475461312168 -1.0275642998387489 
-0.7259171164374176  -0.4502990533699896  -1.105436336180773  
-0.6603362100013583  -0.27914573004385007 -0.8784161222715376 

0.5029720982719965   0.9977865763957622   0.23418782104123248 
0.06465660978592297  1.022012272732309    -0.26551202692727   
0.23214315690724047  0.747395583973924    0.03974128338894589 

-1.267111524626522   -0.6085536829891536  -0.0782558170770653 
-1.5785919902880994  -0.6141636877842862  -0.10158312595569424
-1.3832176439983552  -0.6171077218830171  -0.5554632298871301 

-0.2556861661398734  -1.0222086711511436  -1.084833732788738  
-0.20497296821458477 -1.3189959441270143  -0.7245638430077053 
-0.4193853350523379  -0.9720507542592532  -0.6043643494774115 

-0.00858645585496065 1.5746607376662916   0.8412802429531503  
-0.17836720733544742 1.289931531431264    0.5729736371606167  
-0.41115252146423187 1.3120253175680432   0.7785511731288456  

-0.2174285972802884  -0.2497642351347517  -0.2294230705000551 
-0.42441281085437454 -0.18728615781730273 -0.28214251800804746
-0.1105585683153757  -0.27952023161060585 0.14654998541932734 

-1.7397048482961013  -1.126374967419829   -1.0628417417167033 
-1.4853711536563043  -1.4059356152600708  -1.3272744159079581 
-1.487249067007249   -0.9181058301276439  -1.0784542029481305 

-1.0760769738764053  -0.7221286698767793  1.6383333979651755  
-1.3892801771694605  -0.8868615229788739  1.803074191710242   
-0.9162747705452606  -0.6788611368708334  1.716203351261714   

1.9349995853592827   -0.3761862832827491  -0.7418473025130846 
1.7388455810796275   -0.6337647429536257  -0.47565462291668015
1.6018987165325493   -0.5839434336930303  -0.4654475561754135 

1.5353519244522216   1.9465602206843249   1.023611063101313   
1.5908960319407432   1.9464219151297395   0.724984884271855   
1.5907720717963048   1.7565142820416324   0.8729376292917546  

0.8077453587494363   -1.5755153213634467  0.38593416883682496 
0.7089397320548174   -1.566169460981941   0.1374597412887223  
0.923212061121554    -1.498823821091344   0.32420594192001806 

-0.6755333354424017  -0.7876985537351031  -1.2215463277488807 
-0.4908460668054185  -1.0614673010032498  -1.2490109341140025 
-0.5098039910315789  -1.094275587825781   -1.2454201537855683 

-0.45402181857529217 0.8107584883990475   -0.4817964840554488 
-0.413629855202696   1.082399690365668    -0.31357224888269064
-0.24135669234621582 0.913917067687515    -0.05118440264868451

0.010224776100757449 0.010262240080086193 -1.7824616749535305 
0.30221253714307356  0.14332929567452435  -1.5078796851726282 
0.09939601311564966  0.030240866572033398 -1.6144244892391535 

-1.0863533258071059  1.3225615071262662   0.0737216482229146  
-1.211563515984059   1.2006121776882315   -0.24894953897155883
-1.382664031656476   1.120271343716561    0.2805977657389669  

1.1878306878155178   -1.0008000813873323  -1.437204704642657  
1.7066950991179386   -0.981246386877791   -1.6337531692058085 
1.4028382839724127   -0.9801455615763308  -1.554815999321183  

-1.830005361227303   -1.0982574930561892  1.4591736825576787  
-1.477368914775741   -1.3020595594899704  1.375953500033128   
-1.7052600389784962  -1.157910052529539   1.611573931374254   

0.9089836513133374   1.2387893812594393   1.329918338416654   
1.2838086308286993   0.8838589126170979   1.697520239213889   
1.148828342862787    0.9490232023092413   1.4092007188393891  

0.41805441128679677  -0.6096809048381474  -0.9150974213582621 
0.5155557355745116   -0.8483995582285819  -0.682851663688913  
0.04174674056051764  -1.0682531733061897  -0.692973290868613  

0.4513372252112716   1.8611201462545255   1.5705440039209393  
0.4219817738584026   1.5410139158874068   1.8813003485917843  
0.05682975943299182  1.7969381621928098   1.5697027713817335  

1.490587805983234    -1.3813869769624292  -0.8269112479558165 
1.7511527924444465   -1.4734892917682425  -0.792263468881507  
1.9485114557731218   -1.6993035894414654  -0.7936004864768578 

-0.2277144212989275  -1.2121725641310228  0.4251870330023691  
-0.2415114599508427  -1.386921734343371   0.4036710979070143  
-0.15226326478221788 -1.3575954051177017  0.011497406959635914

-1.063938155884638   0.6630382961562886   0.28949523092237833 
-0.9330111122160809  0.6206464025956766   0.4742164340150074  
-1.1452412714394828  0.6823537522214994   0.43417108228669105 

-0.3908415274233393  -1.7353462995516642  1.117315730403205   
-0.5058484667174797  -1.558028375072472   0.9316976690359038  
-0.4853867329275479  -1.622264016713844   1.0028071576933941  

-1.047327086284877   -1.5299723161268648  0.1642494448814591  
-1.0047142800899638  -1.1731014808162148  0.08185486766496908 
-1.415420687302143   -1.2949196746775529  -0.20789866446044   

1.041305772651416    -0.08880087885952989 -1.9986826078307545 
0.9685287388773749   0.17329835655172632  -1.971923794547859  
0.8961341492595927   -0.19948303615213167 -1.7101708219834066 

-1.0745621544132733  -0.22728091813511303 -0.019726316626086482
-0.8128738813039307  -0.40757435871242054 0.007343193306452334
-1.0185796344975862  -0.46422628897100243 0.12483462767755121 

-0.9138850638579836  -1.0598567752444996  0.5039636387884019  
-1.2378495867910617  -1.0007281061984734  0.5473211704651733  
-1.255093601457389   -0.9201220524826791  0.2497824093979716  

0.8596786760365114   -1.6839196460211991  -1.6045184029023012 
1.2484311673059807   -1.9021848537984591  -1.8616553400374083 
1.0196384009043644   -1.7708438432051765  -1.5387745330613745 

-1.0149784799293888  -0.7710689918780822  -1.655647259854189  
-1.2925950558317447  -0.6539704380341889  -1.9714676676771854 
-1.1438326861194257  -0.8831999795566938  -1.762960645796173  

0.04165322135552191  0.8924342098650613   1.6321294554859325  
0.13554305804974043  1.0760979474356505   1.5780923910036107  
0.20402749720485147  1.2795364532814557   1.7414155530801896  

-0.6754023018443535  -0.15220533072290776 -1.2058563570550356 
-1.0037983113750042  0.14840927222172423  -1.2055639391538753 
-1.0375958320667142  -0.2121128858337762  -1.0342264973343624 

-0.17393680424780988 1.8909516396159896   -1.1274586055716163 
-0.47478749200733583 1.9421147006865807   -0.6444079339014033 
-0.2578197177682235  1.635503494994682    -0.653968651979177  

0.98811331503756     1.3485755046013708   -1.7699558435022638 
0.7765283089017243   1.3068246526592633   -1.673405239744215  
0.8953115521062496   1.219416394035926    -1.4539533894454868 

1.5657772326716848   1.2429228704117155   -1.276318183819445  
1.737014412641626    1.4301993615214168   -1.2151748340202662 
1.6170936181211555   1.4039169074832563   -1.3831414810784095 

-0.06432199929968851 -1.4163558833503584  1.3886255336356568  
0.04472867104982603  -1.3944466169434666  1.1610020021304575  
-0.28331150035594127 -1.548360974089553   1.1684406345516263  

1.0407525040665493   1.825946952959076    1.6115443175583875  
0.8501823871288074   1.8090683896790674   1.4768543287115758  
0.6312156754187714   1.5940532768226339   1.3404085893480875  

1.4998018295947957   1.114600607290823    1.5183666659287862  
1.3410824215761536   1.0899511775284312   1.4527431858018722  
1.3210816993435688   0.9721575872600865   1.2615060159124765  

-1.0533235550481725  -0.5871789830608479  -1.9317264756449077 
-1.3745901962738056  -0.5941818477623655  -1.654285874162542  
-0.8662010101081425  -0.712414069939605   -1.7883675830970698 

-0.3492212208034263  -0.590287232597164   -1.2932669214071135 
-0.5608311338891878  -0.51615103169334    -1.335427151592143  
-0.18280842350156684 -0.6234976334374946  -1.6595180680814041 

-1.3275376647299693  1.8629582428396738   -0.2675759807275866 
-0.9483343718796786  1.4617241781301593   -0.34395612381544927
-1.3927318505784994  1.6849534888652542   -0.3544547393367635 

0.22141184215242643  -1.5665591503843943  -1.2345990609708686 
0.43909289561493825  -1.7579089346898704  -1.5074207906846346 
0.04401805307964793  -1.5835169970194003  -1.2518198813160777 

1.1923755569310475   0.8733643407207963   -0.18843581459513503
1.3522676743396844   1.3174023031618898   -0.19255194103175133
1.2226517330758488   1.024428915969741    -0.4311274888613601 

0.43540178453814604  0.8292640587691436   1.705707508668064   
0.3541721523627645   0.9050313382721777   1.5785881715315175  
0.6516840172177527   0.7961969333041461   1.4320051811364105  

0.370166015189636    1.1720056444081848   -1.9868875975599338 
0.40423927826085115  1.2632254530868798   -1.5054146057470328 
0.45747780355284784  1.2978445314988973   -1.7246895317767945 

1.3881948949952303   -1.424688040097378   -0.6054282782795247 
1.0866839185203576   -1.3109760571866276  -0.6882657385056461 
0.8599147596024572   -1.1280026897768871  -0.6972930378846997 

0.8849791956633108   1.6578683177934095   0.007269947187553638
0.9240945019221803   1.6868977056988792   0.040745476586520335
1.093938700951814    1.585764454527651    0.271617430790851   

-0.3250579602471715  1.487048455664111    -1.9754089972999975 
-0.575420311910688   1.5122627508109785   -1.7371074172862904 
-0.785023167686236   1.5062188456901229   -1.8608627354876914 

-0.9578398461568258  0.8031845514354039   -1.884757939791103  
-0.6943593814867094  0.6433044696475355   -1.9563667928473978 
-0.8183472207989408  0.7840675727777626   -1.8427355792635098 

-0.22050642232672885 -0.9564837303752949  0.3399995775820817  
-0.36222471839146136 -1.1255128005667487  0.43537150771352556 
-0.4348586994211936  -1.3405038029833696  0.5361845405916019  

-1.7594099755985946  1.7479534857653345   -0.9523702731657699 
-1.6406343764444231  1.4313635660358464   -1.095008168595562  
-1.459158348791155   1.4507087296757544   -1.1608024705118312 

-0.014166274198946449 -0.5361555639679285  0.24635311507590751 
-0.20359357454174032 -0.29842963262586075 -0.2498066164330334 
-0.3537804288221277  -0.4192810452121078  0.20631286727997145 

1.3655622792011906   -1.0854365050342263  0.3432457092412979  
1.1625275434075655   -0.8248506855556869  0.0631001030060151  
1.186875476054168    -0.6513047518550316  0.16662458131861735 

1.9785912923507654   -0.4376479367691618  0.9552299905691606  
1.8961568118610652   -0.4209981344769879  1.068755265161381   
1.9571711698582508   -0.10947357088202975 0.9104129359339429  

-0.08061442463686058 1.8999855212874857   1.5227296335453953  
-0.11019963351431794 1.608787469721529    1.3901924839916502  
-0.19379147045877088 1.6426339374118646   1.2977178163586254  

1.8923526491315212   -0.5364090286784458  -1.2665601482325617 
1.8322430425953584   -0.5217026777242793  -1.2362606976705157 
1.7916249148821843   -0.1740649743378539  -1.3051993990576214 

0.5017847784103807   -1.5568549532964062  0.1422276624437754  
0.4869960877191784   -1.9322924009690656  0.33562581066184416 
0.35675519768571434  -1.6239556175385725  0.014199694574138277

1.7680120768655705   -1.0373869089986383  1.4723665111113038  
1.5209771669559609   -0.8587204312588939  1.5503319765607482  
1.864814484586102    -1.103911680910911   1.6789533559069447  

-0.3852024231846636  0.7215174246716917   0.4965270989146442  
-0.29329360219509315 0.5978505801913576   0.18945920791594562 
-0.49625354465931365 0.9481590152099181   0.4276840940849363  

-1.4148925766652753  -0.8735523643192136  0.8089532734068672  
-0.9325623166444639  -0.8480324736988711  0.4873137349363392  
-1.1234493272732493  -0.780791721671193   0.40836767226309445 

-1.2714610736913956  1.4019060190492594   -1.6695948985207774 
-1.3827247055034562  1.6143367184005035   -1.6974745806180114 
-1.093053634885706   1.2976987608592099   -1.3412271581216477 

-0.2124459009416783  1.210562239471277    -0.8346376966174853 
-0.015730276059571446 1.3674276413163027   -1.0188722843800957 
-0.0016691796634967782 1.510685957791773    -0.8209622078907641 

1.0500582413426964   -1.401240108965729   -1.3735984219521389 
0.9892870820941986   -1.2609159827298835  -1.2733848848733413 
0.6975928337974944   -1.2588276921622104  -1.3531700811893193 

-1.8286612875863721  1.2911473525570338   0.4520740336840826  
-1.4771170080570326  1.6174013473243618   0.4274525677544776  
-1.8186749565877462  1.711270972213306    0.30273364474455905 

1.2733969247784662   0.656746743289929    -1.1053932206538246 
1.5952031554719124   0.8031509260078814   -0.9802558416770344 
1.3079259343521876   0.5686489052299962   -1.423365222325559  

1.94969374120733     1.6627414704252437   -0.19226460337530032
1.4692390835489741   1.5649806335278156   -0.5172447324308225 
1.7949059665937075   1.7337237943078503   -0.2555991955850278 

1.8879703152219531   0.7360511069876576   0.013584134991646124
1.8122086629166216   0.5960692456269797   0.22978568467404767 
1.4365104551058554   0.8209019722748501   0.5680221047424515  

0.9837685908009501   -1.558804198080995   0.5570946071535998  
0.5775478237623137   -1.9164767444130208  0.32511662699000876 
0.8885442611594823   -1.7298137547568033  0.2668791671945249  

0.4647393628709766   0.6103830552594621   -0.8024525875823696 
0.4539297184261746   0.7883527490664257   -0.9111591538098143 
0.7168440742674689   0.8792681854806221   -0.6178326297128428 

0.26179165668268944  -1.2514282609399872  1.2012423801180618  
-0.061572629849049765 -1.3432585018244472  1.4909826125204289  
-0.013641614968720905 -1.5129682565023734  1.5131330686740567  

0.8554049160721238   0.04648626664922345  -0.7462342744469933 
0.3325231928442875   0.34982767297967393  -0.6864148882317239 
0.49467701532773634  0.11011861566593759  -1.102824142679359  

-1.3338565236539515  0.1582288665223195   0.12953601658560412 
-1.2721675164333668  0.2396276368749764   0.1397117469689686  
-1.3812060138548425  0.09188445693808739  0.4602853510566734  

0.11658459443402361  0.8011168112065309   -0.5532373698145991 
0.21897846697241743  0.6401650551764531   -0.3659855385958057 
0.21429433500324008  0.638456855164842    -0.00987376093084269

0.6157453712483563   0.6674594063747192   -0.7928048244488051 
0.7236781436559069   0.5962373474745436   -0.7161961551431492 
0.6963790868156701   0.4850094250285896   -0.3709809345953291 

-1.9926807306008645  0.3738166041723642   -0.21868028098989184
-1.732241930997919   0.5151386733238207   0.21092895898069564 
-1.7856949327229703  0.07652667964445214  0.27421810068995334 

-1.4745089522433747  -1.0228150435661207  -1.4890821432866839 
-1.7178182138039877  -1.3249613373344642  -1.6768840467911816 
-1.4947936696673323  -1.0858370289977946  -1.5426636180690678 

-0.2762384820578689  -0.2399457872099517  0.5210791392488507  
-0.2081206626665894  -0.17655468196668705 0.5196401145042924  
-0.08148951973459179 -0.3009394489825456  0.46267691411055256 

0.22564336747589547  0.6776671585889458   -0.14733954753537903
0.45702389720466724  0.3709855902200154   -0.104304926436494  
0.06162651711976855  0.6050246965697901   0.14732186410164538 

-0.8916761565302931  -0.6784984984039366  -1.405317179267343  
-0.7245595749378213  -0.5702764288246033  -1.6794076587305562 
-0.9488064273757592  -0.5431835890660605  -1.5676248099972396 

1.1925868340305383   1.9493001867236621   1.14781948990567    
1.382554934930607    1.5440914714382312   1.3242717347500594  
1.2412241399227892   1.980432199047795    1.182361891965718   

-1.9364867219326816  0.06715921285541987  -0.6630728684055283 
-1.4590261097548618  0.19559460603438533  -0.5330643238226804 
-1.563501364899334   0.14044164394262942  -0.5673562045854416 

-1.1255776167162184  1.4109862269999833   0.1014932013360354  
-0.8525007637531197  1.1096046759858238   0.47170679536301807 
-0.7109578442469557  1.0669122824304818   0.29152409688980435 

-0.4465019074118105  -0.25076841725012056 1.9360740284679698  
-0.3099722965831666  -0.34538679333458033 1.447616717174657   
-0.3432086932848121  -0.30634963613422794 1.8675942619427763  

-0.3405478503418642  0.5236098360309227   -0.9142263616319433 
-0.3355505584180976  0.4933193340774156   -1.4076341912493233 
-0.25058790367465344 0.21571503974544218  -1.092858872799559  

-1.237635247308742   -0.4339648268949222  1.0065981819506569  
-1.2106625132687518  -0.5196811011208367  0.6796105465348776  
-1.2471442874601522  -0.4737964648666906  0.6657145946951089  

1.866500292337649    0.49218375768695777  0.5527401736574966  
1.6012907398835674   0.32441239042305225  0.1371903910133557  
1.8001650285234632   0.7979225990032417   0.31219266586268396 

-1.4987045325324955  1.211177948776062    1.9760572975868018  
-1.9477805709770881  1.1930416055078696   1.7956767481467248  
-1.796937082159411   1.4026876727573863   1.5231447059573477  

-1.2057661480665263  1.3532679081886956   1.1431488048433887  
-1.4077277860789124  1.1029879435802044   1.6628425536600173  
-1.2146490243594386  1.3661704014753095   1.6073810213831092  

0.47134400303187673  -0.8013191422430767  1.8714959775149476  
0.587018851213721    -0.6088228585175802  1.631234182909886   
0.8244838115319721   -1.0575417371887912  1.568843535618834   

-0.311152452430211   -0.5288470622159281  -1.695530851773387  
-0.2907391672947724  -0.21737520421437923 -1.3698756008165718 
-0.18531419791524073 -0.5702653093605778  -1.432637973972669  

1.9087255095788178   -0.7272940237951864  0.941366323511948   
1.9863179463660479   -0.8033804428714749  1.3954822929463577  
1.8046531511054473   -0.35101403175579926 1.3999357636307546  

-1.1189621307775774  0.8079506809179035   -1.3219596060692114 
-1.3073209923177014  0.9793365824897929   -0.9068840325165166 
-1.2082753238617858  1.0284026316014798   -1.286729303040865  

-0.7081477988446714  -1.611566162962234   -1.2018373195100778 
-0.3885108815602454  -1.6899943106187059  -1.6115315374430441 
-0.5549787263251116  -1.3277373178626883  -1.3597774027488487 

-1.8964619262765188  -1.420142029396943   -0.22693712480757472
-1.4713633762503204  -1.4291002274095668  -0.08982062846540528
-1.9998702285637509  -1.5461327786037469  -0.2675653563530622 

-1.5962628479473655  0.4546373888842692   -0.29266851534704275
-1.4816760334972514  0.3916762271995351   -0.553787640824782  
-1.6962027212206643  0.6940295385506191   -0.34078590824070437

-1.4783614659513113  -1.7134018613072692  -0.4756626094429124 
-1.6936458560289647  -1.4862521549903263  -0.360375142596145  
-1.4885879736161867  -1.2741994563654955  -0.20356994671197082

-1.506648679604682   0.8010181823899278   -0.2268230308304191 
-1.6468280713667234  0.6455984364228777   -0.48756099802276154
-1.817740954798289   0.7560061433203964   -0.510971394179814  

-0.7769912950271587  0.19288353752205678  -0.2752090639617964 
-0.49060131176125593 -0.0827544326232052  -0.3750491693581158 
-0.7597011820525158  -0.24833995929468003 -0.07902694073555389

1.7481140636736812   -1.6721686971056249  1.2737245933306949  
1.5883783846592334   -1.7290250664958873  1.1470589957264576  
1.4927549430943023   -1.9487831195252003  1.3978286692614947  

1.80309221269103     1.1380244992160278   -1.2495309425657257 
1.9837690880996788   0.9307690937883351   -1.0039159611690904 
1.4929951973430997   1.3975324667352282   -0.9097345348329338 

-0.9716121278699217  -1.642737294641377   -0.29397105197669815
-0.9777264778065564  -1.4811986097041079  -0.2389564383767212 
-0.8987354956041559  -1.3006956473809308  -0.5597606690362701 

0.41060159656184736  -0.5097377774255527  -0.4539770237859403 
0.3028983543183942   -0.5500425807023925  -0.06189860558242877
0.5140927286303005   -0.398963011447552   -0.013056577300075034

-0.9985680125063076  1.1856607165698325   -1.129373169495672  
-1.1288776796713327  1.58425599640048     -1.2430838905565988 
-1.4176498576682093  1.7067463214450052   -1.2819778599724183 

0.9143590871366685   1.45104984488695     1.6868095790766884  
1.2965910725515304   1.2388509524322837   1.5109919705726877  
0.9345933937525936   1.567351451298871    1.2218213246708998  

-0.9853324605909424  -0.42008273009356567 1.5904346709940753  
-0.6492260703801414  -0.47519658848173424 1.5644094400465016  
-0.5740289441311918  -0.5531986631245236  1.2436032656102447  

-1.1766821315091618  1.139753744448136    1.367257297182584   
-1.3680378063765675  1.2265621042668295   1.4712644977451004  
-0.9236104666973028  1.2584289756510159   1.561386059973691   

-1.0216966892196722  -0.9528825314180989  1.6642020126298414  
-1.1426865893065261  -1.1397393826184639  1.5610882854182864  
-0.8598459737387004  -1.1327439886787247  1.2761318253187675  

0.05686924462495341  0.02201193675351487  -0.7152662054821357 
0.5144137999615016   0.12225463460114538  -0.6719747623706276 
0.27509572127662035  0.4088016733323826   -0.36327987117129656

0.6195759786652135   1.8257313329538538   -1.0048555571381843 
0.9034123212458254   1.9572730437549055   -0.8824288872543447 
0.5791712582249131   1.6295181848024742   -1.039522271547344  

-0.8884893207675115  1.001976438489259    -1.0425357342204613 
-0.729417892541949   0.9997121675986418   -0.7981500316710863 
-1.0404324419575577  1.126580678846035    -0.789460951431274  

-0.9836464350983847  0.5969725708297335   -0.7064475883689153 
-1.3049423200208072  1.1241629176288568   -0.5562043845404157 
-1.3110946540213415  0.6226856003438195   -0.43931684418750844

-1.3874644368188676  -0.6404887194407719  -0.9953877405573217 
-1.6442349353296823  -0.5587342606884327  -1.1219520344517964 
-1.5621430592602754  -0.4429858286288527  -1.1180751701206464 

0.4841494600552783   1.4870732282931032   1.1783579411474108  
0.460189095510177    1.9584310014237782   0.8667379153028478  
0.15184915993290105  1.4802559499543788   1.2235003455712992  

0.9098082158530707   0.9008086880236891   -1.0187564233198603 
0.7443005731942046   1.225409818118194    -1.0006965798578389 
0.6579286884578659   1.3830829324427212   -0.8349270142862804 

-1.275039450891577   0.5234266484195014   -0.9581728093522572 
-1.6215169423438744  0.03265440512226414  -0.955973177135041  
-1.4962484945451051  0.16177805320434624  -0.964875276230853  

0.4613206713012101   -1.1270211296352097  -1.6411590090455463 
0.8549330081055299   -0.8677806668967012  -1.718828343325713  
0.3540429404843728   -1.1078891332983725  -1.9530024731376405 

0.253795904017698    0.6875414080957982   0.6973331274466329  
0.3763790665841095   0.3963377513883165   1.0776274254079885  
0.1261493149800877   0.4674504046441531   1.0149614322081448  

0.3107269764502024   -1.6600023194974003  1.79570890490931    
0.4007243845756404   -1.8668839674557829  1.912098790138661   
0.4328830466640691   -1.5944498030011156  1.431998440261224   

-0.6066337548631191  0.06682932016956095  -0.8470216224958333 
-1.0661064227626764  0.41308882855877077  -0.8370158040146916 
-0.9390355147673485  0.24440457569133633  -0.8271337217317408 

-1.296241188475202   -1.6504463995625445  -1.1357124235879064 
-1.2339265744505123  -1.4814787906470388  -0.8964532974438213 
-1.188886885197802   -1.5020390539700816  -0.5937018367243545 

-1.3763625132689492  -1.0711379801435414  -0.6007018777362675 
-1.2999654622738195  -0.5963145733949183  -0.6433674813338719 
-1.059100828214064   -0.6043305117338463  -0.31707901472945776

0.500336708046832    -1.6899771459708866  1.2148731902791683  
0.5706846351063148   -1.6917125091933678  0.9260059989759593  
0.6908353488904122   -1.2245761809465594  1.3837215797083562  

-1.608227383890873   0.5145141687924571   0.5590451824482143  
-1.857359714130109   0.7210850899448842   0.015792428046448814
-1.4677755704902347  0.6971537942318824   0.020440052323099533

-1.763721515181782   -0.2779230635412653  1.4322741951385414  
-1.6586840189162926  -0.5349989995099925  1.4675741956014834  
-1.5160029639393109  -0.48557348351383667 1.6263840637450104  

-0.8266220454857657  0.5562027928163119   0.1463594756717035  
-0.5908582041458524  0.018820297263596075 -0.10424115451863475
-1.0670228484044648  0.1681062970669518   0.2180810685039949  

1.1259906813921432   0.6974571075770615   0.7325864406204762  
1.0303207427551264   0.822074763773791    0.5418872110062464  
0.7101274866657801   0.36373860920037004  0.7497364157834181  

-0.6945119883082975  -1.268155182737802   0.736909107545447   
-0.9450436789749477  -1.2642792917945136  0.49841401854348133 
-0.7813180374825694  -1.1586434548116304  0.47472607987681875 

-1.7020323671531126  0.6600843539834023   -0.4483412864199321 
-1.4910194428895598  0.6132118251539944   -0.5067320469522059 
-1.4319695960367445  0.6224109409325368   -0.6434960479156548 

0.9319810514157272   0.47464608265386354  -1.7889022310998468 
1.0561609444583566   0.40511406053946303  -1.8002021992122994 
1.3493807636393416   0.10787659536271427  -1.7079602350314023 

1.567996619285602    0.828607719550905    0.16614897316154575 
1.3812810644724178   0.7984380163354996   -0.079005697570672  
1.5636820174412      1.1062125130059342   0.0875175198960283  

-1.6449143091153748  -0.6528774970143558  -0.2871575701485128 
-1.230933308152196   -0.38309323822007524 -0.27161288156565716
-1.2388547867124657  -0.8445283056840076  -0.5125079481139789 

-0.44846168102961603 -1.384320297959532   -0.4000943109690085 
-0.4085176396433902  -1.3389652299825787  -0.7193381189404248 
-0.5949158330071647  -1.1813447977196962  -0.6755625420048796 

-1.7656989970610169  0.350443715026311    0.9249755899082273  
-1.4501159631925538  0.4537583653541354   0.8007261532080636  
-1.6993473375749217  0.3300206957117661   0.5724009552493668  

-1.0013676808584953  0.539663052765125    -0.1197353040220479 
-0.7915169651498717  0.5241804455376391   -0.13098872656866548
-1.1121402794881416  0.048125645360944685 -0.09180669058627267

-0.21232520932349896 0.27405164570576357  -0.16062605045525954
-0.06268365114164487 0.03804319517512578  -0.23694079526126055
-0.01666778292128962 -0.05472145492382774 0.22032099941488492 

-1.533496517444587   1.3621176517869444   -0.14731423141863598
-1.6153302758980828  1.5697473417698111   -0.4219394327773722 
-1.5345322310015348  1.670374090352086    -0.5325250637501241 

0.7896927458666179   -0.500142221137552   0.08726084758088348 
0.819551746308882    -0.7724203240224234  0.10848158745114189 
0.804796375284512    -0.5426019419095353  0.042443786749821105

-1.4920582402406015  -1.5514682425362634  1.940608132807792   
-1.5663770181859915  -1.9862767392671057  1.5502931615513655  
-1.4415335721844622  -1.5681708294811558  1.7295548779283187  

0.13116390264285807  0.2688212214580201   -0.1734556536990804 
0.34700799120299597  0.01620293550102997  -0.0038668264617786052
0.5368848369305347   0.03069270497739568  -0.5637609750268682 

1.3026124652054973   0.3696792923813708   1.6473141470282309  
1.4752858543721956   0.08139713372792029  1.3542618203638288  
1.4845846335994834   0.5129054374298874   1.6497891686886308  

-1.0000984751450135  -0.9478532185475493  1.5606441932777964  
-0.6273191455943763  -1.209538458044267   1.4779960818988425  
-0.8614897013634095  -1.41842621642912    1.6283485052330737  

-1.4822397309987267  0.9267985514450382   -1.145078306141007  
-1.8281650874105815  0.591784875610914    -1.323045628627694  
-1.7754160623514639  0.6541661665957899   -0.9646040716553492 

0.3897344054955675   0.47593505698441885  -1.5219089561552577 
0.7035378110391942   0.6070920443406731   -1.8370039170615642 
0.6367096566990746   0.8371922057306993   -1.9522085809175502 

0.868963283521115    0.9474867171628929   -0.27118967656861115
0.9464466811947895   0.6706685984541779   -0.5242872589793294 
1.0639813163347662   0.6986265956819122   -0.3535978646418632 

-1.310552604610591   0.8798635575726435   -1.349581879667805  
-1.387502540143246   1.3724992211995364   -1.2725138386698862 
-1.287531392956372   1.25565205174407     -1.1514860060480125 

0.17582998344813516  0.3129444847046596   -1.267633869551889  
0.09441922081571383  0.41486578791128403  -1.3118949849752388 
0.3329645103764368   0.38155541583509345  -1.3901592005160568 

1.9760500893707986   -1.3324751891369084  0.04985517583322707 
1.7809569140111317   -1.6157328036067338  0.08717617506700537 
1.889949453160235    -1.6666954256078188  0.06780795983338223 

1.4422075137474428   1.1387396140138497   -1.0784144117241756 
1.1771128681072005   0.700651787525419    -0.8835537627539487 
1.4509872899530651   1.113472854648343    -0.98702223174316   

-0.8964383578655548  0.6697923819493712   0.6053605428979312  
-0.8279103667942084  1.1418318619565224   0.4782496654277903  
-0.991732648673873   0.9480660540813322   0.7050420931229386  

-1.3987725728643299  -1.7083596394335332  -1.6191193701549647 
-1.6355086942290507  -1.477668160508959   -1.5259948564942367 
-1.1510320195556945  -1.680208307620483   -1.460690293217156  

-0.7581661702292817  1.5026340394250228   -0.06655810035331966
-0.4959677798878763  1.4016676250213527   -0.15775225208697613
-0.4117694396535444  1.4884331189873226   -0.43594165937444157

-1.409722241749115   -0.6937800943005011  -0.1255299446438427 
-0.8629508674124526  -0.3847028091410748  -0.008886078428540278
-1.413266170113947   -0.585974518142957   -0.2595924114393738 

-0.036679649407998005 -0.5608673691192874  -0.8667837683823997 
-0.1403505901876637  -0.5985204170100313  -0.9556683217007077 
0.08705389753340764  -0.4563029130687893  -0.7276642542595053 

1.7088652727922315   -0.6543680785871563  -0.5502306346351991 
1.7142195875888604   -0.9492848196269644  -0.09495876918463286
1.4326622989359405   -0.6673829450957435  -0.4885085518100257 

0.692949526624351    1.3462526696264463   1.9928711718547873  
0.6633261307785085   1.4563209494960492   1.4405483903068805  
0.29938569482417604  1.6179539309677387   1.8275654863115516  

0.2826359241956002   0.09787602395715295  -1.7101820738216709 
0.5247463038803061   0.0016756929626766115 -1.7698542344303247 
0.5335312236643382   -0.20614581166922102 -1.7176824071611705 

-0.5830030408485061  -0.9837091003589031  0.5873476019440014  
-0.5028333258770897  -0.9107865582589936  0.8419908508246251  
-0.6669707429046465  -1.3088694504709826  0.7906852230032642  

-0.49058251607134745 -1.307279517568978   -1.287771656393121  
-0.2587157533663995  -1.3120279047429664  -1.372839959730424  
-0.45192496344697264 -1.3598723667493338  -1.1428305981330737 

-0.6586701555185361  -1.0211255805951387  -1.598572518785121  
-0.5996801948637795  -1.2613771847232842  -1.9679154264627345 
-1.0535241527650558  -1.2910392046771975  -1.8428901388023227 

0.5577769247164212   0.6409572534301621   -1.8811881253634046 
0.4820135774429673   0.6650754110095842   -1.7593261913514076 
0.6154970694760877   0.7078227471114653   -1.7313255651506163 

-1.0754563904003875  0.4770392948074425   0.6601701136398068  
-0.7434637811417868  0.13078101857290916  0.5495032093423389  
-0.9259534562454277  0.11414791893536272  0.5431368302455359  

1.939552469339358    -0.015661727085789723 1.6218157148554149  
1.9238404976553156   -0.26785041632682083 1.6159989043653975  
1.4775868398093053   -0.553749030136855   1.6289853589841279  

-0.10310869810714796 -0.05004869795890887 1.9279950025443544  
-0.05019268988394188 -0.18843190438653867 1.7548652596759435  
-0.3296636739601956  -0.1136318667655212  1.9702528432084288  

-1.4587705979982066  -1.435067090254042   1.325145576024744   
-1.6686502637844163  -1.3632830622323087  1.2825285570809584  
-1.8118194391633977  -1.691683364274364   0.9214851994431468  

-0.09743209596749691 -0.5768615147893773  1.1238186905508183  
-0.4178929141421961  -0.8277305782093483  1.298207096900688   
-0.21784034428559806 -0.6815627673833562  1.2778520167980392  

-0.017946456037257696 -0.5446350629978782  0.21024741185538767 
-0.25537730317009694 -0.4563706400643223  0.4455126376329934  
0.22296379947146594  -0.5991523098044376  0.19230654983377063 

1.2649812997443033   -0.5680764087215331  1.0826618108399828  
0.8708479073839333   -0.8506617970589743  0.9081024988781037  
1.0862291145454899   -0.7179822563037385  0.6212734577892083  

-1.190251963573445   1.9473092508871455   -1.4932780801776773 
-1.1041651338330634  1.7372027455742052   -1.650846076162319  
-1.0507051270156365  1.6352349783697162   -1.6613777899810236 

-1.499183935659411   0.6141840569878285   0.7320880490569271  
-1.9599550997006379  0.8882511921813404   0.5262222252336338  
-1.4718296120161058  0.8925220968910565   0.6781141538296851  

-1.4929009073019337  1.1868139869892493   -1.2537768922208938 
-1.3377095426237717  0.891635631102371    -1.1389599557934909 
-1.3685668147907286  0.9739051230073403   -1.0821469365087295 

0.15001567944723787  0.869344641418605    -1.066904341628954  
0.20712241425102784  0.9016213277954327   -0.8713357345507746 
-0.06487226882165686 1.0134514578568155   -0.6175942685699496 

-0.7752641276579564  0.2982662832809457   -1.1295370422333353 
-0.4507904349864005  0.00035877671304079817 -1.4101114908948267 
-0.451112584266509   0.5135750121231468   -0.8597954324627366 

0.7550277270744418   1.1904561411847614   0.4612822640812454  
1.1267247197150883   1.0485456783444314   0.7241907289483326  
0.6278270891424979   1.2893423665682353   0.4693550894004881  

-0.5372479074149012  -1.1514350389103578  -0.912259833664476  
-0.430067491850759   -1.3912048144575448  -0.9125604261605563 
-0.5224999660716254  -1.08625818794424    -0.9526693877332851 

-1.5809116476056082  -1.049625115121802   -0.7427188682559118 
-1.662739335137188   -0.961659772937279   -0.3098146539030857 
-1.2045024118157746  -1.1395745401860278  -0.5702878403010025 

-0.1044748985350864  -0.3234150811858827  -1.0962614578207646 
-0.16457926419680918 -0.7269354194095475  -0.8400589346883358 
-0.2600450180222289  -0.31804191467456044 -1.0040159223179717 

1.623761474594196    0.8851871400173947   0.5799557164508204  
1.8869693332412532   0.7006245219797655   0.8157212467884953  
1.804252349340839    0.5933011260693826   0.4252662414135898  

-1.6669587610097305  0.8775852900017052   0.48308463848782957 
-1.396195523352104   1.0700724612495005   0.4200685472522645  
-1.2381937665975153  0.8887287976238193   0.32825652843974573 

-0.2770061928974706  0.5892564218693954   0.09502306961322088 
-0.23941790952261638 0.39896611420399797  0.3765264509301287  
-0.15343103215137877 0.5052919670176721   0.24961989781749033 

-1.5650264291872935  0.8817330411446065   -1.1011957470148837 
-1.4628952173070415  1.0453985651681257   -1.066836643910909  
-1.6683288216242738  1.2982363871556455   -1.0238333189334803 

0.3414589688977429   -0.1802655295059467  0.17563822696854445 
0.47709684336574076  -0.43807672621978    0.37520191946243964 
0.34170754388175284  -0.026667688564144365 0.323481608754571   

0.8690944240861447   1.277514821585086    0.47927114128500925 
1.1308829117040986   1.3267284646563269   0.7507738602650601  
0.9675352821078589   1.3387597412718264   0.7099399387053431  

-0.055399437062550794 -0.17444185568674556 1.2227044102572593  
-0.048471115001915366 0.10654410149283561  0.9888602772753761  
-0.5390523512253173  -0.18486892924361803 1.1861129735411604  

0.12898284256777207  -0.5356084968822645  -0.6787365478346116 
0.07226725186001526  -0.551425453639037   -0.8305662003206986 
0.5268372096100642   -0.095047384632721   -0.9254185607518142 

-0.052108387991344096 -0.16234502270470685 0.946360895369871   
-0.056089884160143155 -0.030059523387520937 0.6740677487744047  
-0.23655944232459486 -0.17861282082011665 0.8419057783492832  

1.4062622059385375   -1.5307486102668098  0.6330620559481052  
0.9447393560511562   -1.6225012305590851  0.7683107640666159  
1.2997136700589147   -1.6343214463144113  0.8367221710966952  

-0.5834086501385337  -1.765215537716882   -0.2891399499700071 
-1.0574183015155687  -1.7559419276496275  -0.3707030322014102 
-0.9709175390217653  -1.9669007859008216  -0.03664604762405488

0.3522344591938234   -1.6573036424188716  1.3921499160782524  
0.6449994898487097   -1.508343956703003   1.2547793153342786  
0.7090593297794077   -1.966842355513623   1.2206575866402734  

0.6787447863357137   0.8915666422125892   1.3959511531897726  
0.8427320721556286   1.3293399616149666   0.8583145044933924  
1.088167322249915    1.1458839217250283   1.204639966013379   

1.16076130477763     1.6330556155923253   0.6753576453946948  
1.5256581785703536   1.9031909968403025   1.057938505250426   
1.3399263983101959   1.6065659260947114   0.8096387339284683  

0.9503085702317549   -1.597862614414827   -1.2667222190476894 
0.8720796474182063   -1.1790793274919462  -1.3127450191965593 
1.0630619691841794   -1.6716390594319734  -1.681560325136452  

-1.2308927181968938  -1.6132357999659779  -0.13547244574403022
-1.6106647929384015  -1.955271717594564   0.1216796035169031  
-1.5906230469108877  -1.435934402479257   0.26654088055793246 

1.2291267091111244   0.4490947730298339   -0.41091556762783615
1.0473701030627844   0.044280108717858035 -0.4534951752270374 
1.40763315630586     0.08094109586484344  -0.023470675612500935

0.12293021788917169  0.5842433334715222   -0.5801359731180011 
0.27610278954693046  0.34572599038743823  -0.7464489346092509 
-0.014021565631142596 0.7744842409359425   -0.6764967073513906 

1.6231207959033236   0.0428668622081913   -1.4153453600523864 
1.6038133309915834   0.09971479569650854  -1.3951000965421736 
1.936871958972986    -0.16091390426856805 -1.1607028561574118 

0.7362904129023576   0.3184342013240428   1.38665254480978    
0.3288580721632002   0.6451303770501904   1.5840911833564906  
0.44356634844756804  0.7870800405461843   1.2421524372057056  

0.24119754757675807  -0.8599321073898247  1.3024219816585862  
0.030506300853976598 -1.0066059564265237  1.12434146629712    
0.24266039200853973  -1.1941693223238263  1.2951591791117998  

0.01676264806325589  -0.4975353853780207  -1.1013061560797897 
0.44174297316883276  -0.40973068254320316 -0.6986293481285506 
0.30005452048366493  -0.8434081254732     -0.6586364697324274 

0.12755095127415006  -0.662321929955462   -0.5426606442875297 
0.0508656387718433   -0.5521978901329495  -0.3386977400960982 
-0.12553180894358112 -0.582461603825043   -0.6829999519718372 

0.1393903989107847   -0.37198334290026996 1.9228063727755746  
0.035512127294561935 -0.7678440767837118  1.5348885965541927  
-0.04543203324473977 -0.3946721912325006  1.6923490165622141  

0.2693915748302843   1.5852802379695803   -1.1732613878171074 
-0.15419393761170516 1.4652485175531194   -1.1551877576415681 
-0.10617457278861464 1.441245716487337    -1.2341472878580548 

-1.7294341684743963  1.0793873886613656   -1.1891493609576647 
-1.5289045507627705  1.3256471259232239   -0.9857086163652152 
-1.6800891552747932  1.3742254174366604   -0.8914811361622933 

0.8409254894049409   0.024628716083216262 0.6335419319787458  
0.81675330835009     0.10715419718042285  0.29666467755931575 
0.3226745249711503   -0.06266510163530592 0.7465958867597056  

-1.6853306364076768  -0.8488221712416804  0.8292504889375036  
-1.5177752047689728  -1.0599068575910136  0.7290242936634138  
-1.565351001404823   -1.0089786180562421  0.8907382449519754  

1.1924149304322518   -0.3521514053044562  -1.7639454329900222 
1.2654305160296901   -0.8090214519188633  -1.5986464249479855 
1.4928380821881708   -0.4236550248957576  -1.9637481498471536 

0.2319917601471707   0.8316232180314315   -1.0452272751559115 
-0.24794466358981396 1.0093914471921737   -1.1135602633479498 
-0.20166271476777375 0.6862285802783124   -0.9856850471619749 

0.6672105263683965   -0.9873246037356593  -0.17690115499867176
0.8098160376125069   -1.1124771208260653  -0.23831314337077025
0.6609425743321069   -1.351306339633563   -0.2577386989405551 

-1.702129256119965   1.1707909593645254   -0.41099432780659284
-1.2981299135449327  1.0571540993965187   -0.4554228358602953 
-1.5637101280807266  1.3723993218052741   -0.8082604290403241 

0.24230244972689427  0.9883417848364316   -1.3250641761048136 
0.4532380781036308   0.8534902179042894   -1.2101043525863773 
0.054448914974206064 0.85471829905493     -1.2945526215307057 

-1.171535199057455   -0.6932139197887616  -0.34589385767814407
-1.6641193809976182  -0.3123928079717858  -0.4564311322410093 
-1.5447039692798628  -0.7257531125000717  -0.7348607984445483 

-1.8577545151708896  1.7073286510642665   0.3595052658073184  
-1.9375114303190126  1.3843803447915177   0.07398137123925869 
-1.946680879310924   1.2059975444583158   0.1907178947538796  

1.568020668550194    -0.5863883270333785  -1.3114625686891082 
1.2991390764347988   -0.5822787779265742  -1.37381832992081   
1.3364522311521267   -0.7906849180039125  -1.4921772499103125 

1.5937257778256826   1.0135742126726501   -0.7909516014141269 
1.6081025470834616   0.6004858600920001   -0.4246224770970371 
1.5810443632565583   0.6482732373957358   -0.5551179553486205 

-1.6306452036760415  0.5340985514823958   -1.0100557265648382 
-1.8355571763164886  0.41264123558066323  -0.9890299993282494 
-1.9510056508172178  0.16063299129881584  -1.2844871229863606 

0.6713322941076427   1.5132758212291855   0.9327814743962444  
0.842156573988083    1.2518364347526731   0.9436363143175984  
0.9998983584748152   1.3088989199383616   1.003526233254338   

0.6805565609980397   -1.519214723857671   -0.458168268109434  
0.8035603654811636   -1.3852829990578295  -0.6185029114583218 
0.6917184430569325   -1.4472768403979543  -0.7237838279927803 

-1.6401906405509459  1.6562132221864336   1.3863185891706653  
-1.2216108289872694  1.710061342980246    1.2568519883334794  
-1.686086792917737   1.7125551584857912   1.5561040062909193  

0.935151023915455    1.7612001852825403   1.5019812191720978  
1.1025185517764524   1.4386366770287085   1.6980585120992755  
0.8650879318207043   1.7110268527338675   1.2449193102431544  

-1.0022867182322932  -1.672004411151998   -1.3046313689521538 
-1.1165949596416396  -1.6539940941336624  -1.1073121127766345 
-1.3535650996908817  -1.586063024396887   -1.1760052497976372 

0.2038198778929845   1.3340147352125782   -1.1010922793283002 
-0.2307601201569171  1.1876774210004595   -0.9810361770448429 
-0.025574603094771775 1.3977318026328334   -0.8404361286744927 

1.083875108716898    0.5315068909708445   -0.7129791559426911 
1.1499138137589369   0.062304785510202465 -0.8418869455694082 
1.0488874180387737   0.042943569227073514 -0.7754104937008534 

0.963556541607153    -1.335912542488515   1.0274486385402586  
0.8438052987525876   -1.480344429262061   1.066212645501682   
0.7671655405481508   -1.4492509519662566  1.0476159307331612  

-1.6547704973329416  1.8636913869010827   1.1851068028012541  
-1.430756895747201   1.7949549813138388   0.9560269573011899  
-1.5157191100416019  1.9172375835798225   0.9960927375698421  

1.047121111171355    -0.4172642735402312  0.813665216724708   
0.6865044417185047   -0.8074176056914202  1.0079278916654015  
0.8399783541690247   -0.5538832133503998  0.9553252508326042  

0.4907939176220768   -1.1285946494402341  -1.9292776574329285 
0.15920536176532046  -1.1840783447103072  -1.7565425773722871 
0.5347885983378359   -1.407988121824633   -1.4780915443574314 

0.4755925321509233   -0.2167796902954675  0.40067675209582565 
0.18027214502585226  -0.16040030616603212 0.4059476638304041  
0.0798323584562885   -0.533677935464183   0.6571950283060285  

0.9289601654610886   -0.006732867353515526 1.8459614619492595  
1.058505728546886    0.10050665356136262  1.8589082261921888  
1.1391487359805494   -0.19728783094744026 1.8384491238094638  

-1.1223836068025674  -0.5431583749418888  0.5196298711755688  
-1.4112143789178735  -0.15935193270910275 0.11624489145748568 
-0.9391144042595383  -0.039405497814719914 0.2692606084019747  

1.390281211538585    -0.8038088861808517  1.6289059210385681  
1.5192843809956948   -0.9968577489644848  1.2740278187794167  
1.595988846413352    -0.7755259301015577  1.6911570123114426  

1.4604200569308752   1.1637418722248545   -0.3411001255295405 
1.4597947190307412   1.019716563851408    -0.8025725915547864 
1.3943593623073975   1.2075327369985334   -0.8213972549960823 

-1.0513342755093191  -0.5429711305051955  1.6692174275982112  
-0.8682545010626485  -0.8248740649901317  1.826759623252867   
-1.2161963093889427  -0.7793973477760123  1.5369709597590628  

0.3924315976805004   0.2153193630460103   -0.5454878412610373 
0.15908583438893065  0.04412144847809468  -0.6946231388637316 
0.046319837516215934 -0.13371186412734135 -0.6498853043924075 

0.6926384312491525   -1.5870210084622272  -0.027612051286451167
0.329267947831728    -1.8254060236129277  -0.3685832252212985 
0.7887719678670444   -1.7976118281619524  -0.22280388692234476

