292

-1.5054771420499529  -0.777755089768144   -1.4072959356322763 
-1.8611881147596168  -0.9698197345117588  -1.272460151702443  
-1.7052009513120223  -0.8690457363366044  -1.3247471199943455 

1.090180842441315    0.1299483720713654   0.015166450687885136
1.091152150638068    0.011581888352519887 0.2775868628175316  
0.8935262809101694   0.002333509500271169 0.5300972494865022  

-1.9220335897205305  0.7257287930626848   -1.0827762634631013 
-1.841289987240889   0.3793849129025917   -0.9440696418931425 
-1.6834280840861553  0.759121045178033    -1.3385321132099186 

-0.0585157261446817  -1.3123891511611698  0.013152739917812073
-0.2222308928350682  -1.3299297450507213  0.15645573440058172 
-0.05018702197947922 -0.9266047912836908  0.350895284356437   

0.6843620401903552   -1.24122044909815    0.18155795579562078 
0.5676353415217321   -1.3329213360458665  0.06008391343707231 
0.714640989598349    -1.193148071873754   0.4939779691196411  

1.042355065956087    -0.12499824651646435 0.5563343930474818  
0.9244966330190865   0.0037519049467730214 0.4749248444467167  
0.7199926564614071   0.21974952643240908  0.5046172037564414  

-0.6097439670872978  0.8643062741205638   -1.8471011563512625 
-0.7688851704338355  0.9905812484565769   -1.9515444342677266 
-0.8662373794660656  1.3892618690415386   -1.5961817021304832 

-1.2188702110974883  -1.172444837326641   1.075550579992271   
-1.1668120030204683  -1.4153816646760244  1.0273728709453118  
-0.9441102525912807  -1.1640835062352934  1.4031090997349316  

-1.4818953620199364  -0.24228493766083192 1.5713611737726076  
-1.410605353796169   -0.16787724170935986 1.9385845391587737  
-1.1806596462965175  -0.26117885158406207 1.581400506934083   

1.884879652756617    -0.3685332304591925  -1.237921774871384  
1.9675068202017982   -0.7092775438757268  -0.972452574770455  
1.5476527674860439   -0.7475125187031695  -1.2162083452969883 

0.5482523492934394   -1.6103075427307407  1.5088370898520136  
0.41619940040182324  -1.9481381335148158  1.4967131339274125  
0.3297840357985116   -1.5889459930412573  1.339812142489566   

1.1387963072751548   0.04384812322356868  0.9569995223391277  
0.9288775679957095   0.04776185587008419  1.0595234930100115  
0.7400096348304275   -0.1603663678818893  1.342551037328489   

1.3064979989978645   1.5730940964158155   0.29616021202507226 
1.5798344737975194   1.4374287017182714   0.6379083980321538  
1.3883399784005324   1.964860935714025    0.596799887108505   

-0.3888781452088083  -1.484708298844339   1.6394186558087736  
-0.22670842650752965 -1.1532011093038113  1.4428998505832333  
-0.014761947778686557 -1.4669307835883765  1.899715731694339   

-1.0099479770017594  0.21713053347481803  1.359169174280804   
-1.0724766425641419  0.2712731750876085   1.2356830769151537  
-0.9449118529710203  0.2115967432475162   1.0802935732281036  

-0.46097123280151625 -1.5101161340755822  0.8648233518790471  
-0.165381071569267   -1.486085548749122   1.3170954856762975  
-0.30916792683511035 -1.6209436559677246  0.8768310201879932  

-0.620638104755217   1.778302757749201    -0.6782430970515789 
-0.8930486510696529  1.980976230972544    -0.9480759387932945 
-0.773783288123788   1.4686922507233364   -0.6817585804571156 

0.2948863226976733   -0.7539187096705603  0.32379856919878863 
0.15472594357804484  -0.7910062553568327  0.3465408027774079  
0.5590004598997638   -0.5719484749575454  0.3712363992428228  

0.9097153876302595   1.0964463632253625   0.973783425016396   
0.5937388499672027   0.9487775933915932   0.7139269082136694  
1.1076713540987162   0.6233909562775828   0.7545881327209838  

1.3682917561297585   0.5450296459413814   1.8712017072220368  
1.154039090706363    0.10363903949150366  1.7083245167816608  
1.6126699441075467   0.1833768789767804   1.4840117935556314  

1.525758687012907    0.260040825418449    -1.050905544225982  
1.7500916743085277   0.013349955749221043 -0.9016868667640804 
1.9045695494906731   0.20720974938384484  -1.1283837098660807 

-0.947966882164753   -1.7379250558088262  -0.7282569099641358 
-0.9331766585954457  -1.4591893120899282  -0.6890504528557941 
-1.181845784880329   -1.7822968242157238  -0.5961065053478993 

-0.23168892790069265 -0.9760449333034642  0.7742464615362877  
-0.020856471434108237 -1.0272689130139487  0.9669378129174221  
0.048740322859001484 -0.9342320244629244  0.6307294127828371  

1.000965382431174    0.557983241926702    -1.3362743592672417 
0.8656523647372092   0.04444212098087638  -1.4614636437408643 
1.270431799713923    0.3723434514064198   -1.617561453239095  

-0.10160454012223574 -1.5843953740461247  1.381257785045587   
-0.35748857976215526 -1.5049838615075473  1.660521831949086   
-0.10316566369724345 -1.241573097406052   1.2212123445033538  

1.4062123581599562   -0.7920271832204184  0.16640434369689644 
1.3278197551261977   -1.0639372682520583  0.196141219600251   
0.9973268019994798   -0.8658911880516856  0.013564485055643893

1.5362234593224713   -0.5141843158621334  1.253980181664097   
1.5018409030078894   -0.5129732857412908  0.946723539315387   
1.9359817225615878   -0.33971320247482956 1.007696455657411   

1.3482539996689828   0.725381756981738    1.3047831790640187  
1.250906671402564    0.9875689503820885   1.2954944766162524  
1.2982181284678236   0.7596854238887655   1.5109351132004278  

0.9443241679342589   -0.19223255419148894 0.8894559034298621  
1.0152435827997652   -0.03565436217174722 1.081738817169949   
1.0555769560658088   -0.2871316351361782  1.0159740155665986  

-1.3099493631409689  -1.588104860786713   0.8258735915150968  
-1.2464022045308936  -1.2275024378932653  0.2956641162417713  
-1.057178716435546   -1.237203713023342   0.6913182261244751  

0.04132833556615184  1.011955118365689    0.7304124489582797  
0.2723096806943988   0.9958199665564852   0.5968478442225529  
0.46750584494410746  0.6581027998308162   0.2910008942925014  

-0.6883567973260623  -1.7094385407938963  1.9548975143319103  
-0.5406365237808668  -1.8944165111669178  1.9477382223932256  
-0.3327725816531184  -1.508784218088614   1.884567019235013   

0.03757012545312294  -0.09492272751803821 -0.6177571006832556 
0.22654678712184118  -0.07789704838344913 -0.6760040629581902 
0.1179434803215002   -0.3891756567034564  -0.8553113591651413 

1.3892457665647737   -0.9292131332487613  -0.1159198899377869 
1.6556052404657386   -1.205633380239025   -0.07547143727312763
1.6408448427794378   -0.9522546704359693  -0.21046504950302308

1.0286308649333706   -0.7882451542621937  1.8393897791069937  
1.0291334853039455   -0.7130800213533992  1.7228450862701055  
0.8610015502372554   -0.7763175716192211  1.4893335438397504  

0.6570486816582053   1.5400568367147311   -0.185008592831006  
0.7815076229704354   1.2778109720321282   -0.1929235787915206 
0.38818636618396996  1.3516885245490675   -0.05947179465252203

0.4318583335821856   -1.4100411710289853  -1.6691812286453107 
0.6457351844912375   -0.9367900732589625  -1.8531081732011414 
0.6477597555129706   -1.0044837543204659  -1.4437331120072345 

1.4147590915981403   1.0908809000151523   -1.0668857041049105 
1.5264729322486192   0.9166072648782602   -1.0258667393047178 
1.6693798267963857   0.9279319888824484   -1.060423815292155  

-0.6257119393573158  -0.5035905851209136  -0.05646413548208512
-0.34214763847451424 -0.04000539433762251 0.25935443543669057 
-0.7775288997028877  -0.48581127445918393 -0.2800575105671112 

-0.792151574672451   -1.0206733961831669  -1.5552948972118505 
-0.544842328103185   -0.6884653241821788  -1.4820345963378787 
-0.7046701856039272  -0.7219059713623175  -1.9838939699888705 

-1.326785967591974   0.42166174035183424  0.20875129910621157 
-1.6777585043791803  0.6142437818660493   0.14831816840502146 
-1.5213183757493778  0.7272450849865555   0.2675655140988742  

-0.5666078454413023  -0.18068583523777942 0.9997242780511416  
-0.3040203471210232  -0.27727844696181525 0.8716200019938629  
-0.2977144116937137  -0.09706298285028156 0.9840434140401291  

0.6271917593934144   -0.532999210804354   0.36478227672858743 
0.7547251750301841   -0.677391158142346   0.6383314924172719  
0.6755416534905073   -0.5257262603875639  0.4048189117732514  

-0.27793035484349726 0.8286387156239777   1.0052881373623173  
-0.12219584575780015 0.8232877771183367   0.8789420907398557  
-0.12909638578860852 0.6678516585498198   1.053160139608566   

-0.22191847676102022 1.1207224520331844   1.0854044683941777  
-0.021286747334683775 1.0719420161306903   1.0472189126931755  
0.010894828795202982 1.3763712027748964   1.0303328323673013  

-1.541758999429707   -0.7929539444784757  0.6838913904621473  
-1.4637527825766097  -0.4064168608273968  1.1141740701335348  
-1.490519033682647   -0.6850682167701505  0.7608473043086877  

-0.5595928873439944  0.09497434298559065  -0.039066291336097514
-0.5060105348683823  0.26990254140501657  -0.21625837218432736
-0.688232893359153   0.5338905168361582   -0.0006912858558639767

-0.17252152972708468 0.4759695177193196   0.6345908580003001  
-0.030982367948155787 0.7574349146133604   0.5569961767030004  
-0.5208770453303659  0.5696235024314824   0.4164101447334596  

-0.388768370757551   1.2710992125447296   1.1652288979479055  
-0.3196427419972685  1.3495575644601812   1.223716514591982   
-0.018208150806576118 1.0061618404519073   1.1841433185543062  

0.667365647834487    -1.5431699513695403  -0.5684620983674935 
0.4246974212848983   -1.4583409877666753  -0.7914817290992835 
0.44816684742857227  -1.6972625983204939  -0.310395458079186  

1.6449813373701312   1.5311862909326397   -1.8144273132473543 
1.6186338658925654   1.7018126741010038   -1.920808472370839  
1.5258754363233604   1.7718509846217159   -1.6840893901892695 

-0.32431551876955467 -1.4794298749834673  1.8753378314405373  
-0.7428103728351358  -1.6129582731387153  1.4748802137741712  
-0.7583957494756263  -1.5428128799767673  1.630653558593548   

0.9657590117288934   -1.786937441228903   -0.01460301359549837
1.1156798580031801   -1.6378794641937253  0.26634927338998904 
0.9840511095199704   -1.6103222162131656  -0.20218826790536604

-0.7514290613788854  -0.4988868522747361  -1.4414841235504907 
-0.5769786607112654  -0.43384017991915047 -1.4292350978937352 
-1.1091120605663751  -0.6967161488080593  -1.713961975301165  

0.19877275279470163  -0.46296318041829004 -1.1831388365368973 
0.32824594934464363  -0.08399209413879294 -1.2367611560669391 
0.49180266221652663  -0.5416592925336742  -1.1829186178862245 

-1.1818546738849018  -0.7022277418878453  -0.9461799666621479 
-1.1688740752674078  -0.5755787681502762  -0.8717486293600056 
-0.9110791662249488  -0.387155472362114   -0.9820526673124748 

1.6649168168773332   -0.7093217972682101  0.15528140236883786 
1.5463615784823352   -0.7924548058944356  -0.23214491554400013
1.3323950603567907   -0.6396180195012394  -0.07546470941646588

1.5081775720146011   -0.6126373331276874  -0.46362179643085016
1.672579308374187    -1.0706648633176832  -0.31462908923830746
1.5632860087323714   -0.9395312167959099  -0.43260476373918877

-0.7403808394313669  -0.8490899960287541  1.5485109955126768  
-0.6195919159926987  -0.7759042946977448  1.4371929121631264  
-0.8142968854070831  -0.9237593854205369  1.4319551404834887  

0.1338937139350121   -0.4667610589297103  -1.4978278527322817 
-0.19641158297281727 -0.4660080478856364  -1.6692746348654794 
0.12313245412497376  -0.5266502346553266  -1.4504150661904698 

-1.9111131441863378  -1.300646855258982   0.8972591894279538  
-1.664325407190581   -1.1247291583160897  0.6786499757772706  
-1.9711754814317364  -1.2513425886493041  1.0028906025057016  

-1.3206291446267915  0.78361358343416     1.2104585853021157  
-1.320531622782007   0.8151146671298887   0.9607971140461491  
-0.9869929682051782  0.8138973025027062   1.2284259575488155  

-0.38791507158708816 -0.8509129689259392  1.2713067067142492  
-0.25087833400922027 -0.6386220568951384  1.0854476083944566  
-0.4750995497401459  -0.7511213941156007  1.1164069838418123  

1.7062266986899626   -0.8875704775386793  0.4913132326375516  
1.5869460072462986   -1.2332175772160012  0.04553360044389734 
1.2053459750598277   -1.3972304768746386  0.5139843768698376  

-0.3512777272945875  1.3748620775988245   -0.6822174345949886 
-0.14456246824403796 1.304483273857379    -1.0858095303161046 
-0.03948195250664732 1.2447704776073112   -1.1119707111317725 

-0.4987926308991247  -0.26174237617276935 0.427580493891594   
-0.36782933941332197 -0.003909082225107219 0.2657627054620469  
-0.3486172381064039  0.19558097507341932  0.03736664895379724 

0.8581033463555141   -1.0381113180319033  -1.3478763842277917 
1.3010257247382966   -1.1288911007959261  -1.2548316467655538 
0.9512731286031434   -1.4010206838415737  -1.3845902250102462 

1.3626707690518287   0.2220122067679852   -0.5004053634578396 
1.1800141241956568   0.14784275827539808  -0.43933727241011444
0.9868386232800048   0.052143843394695716 -0.34459713387951674

0.4355892058769546   -1.0044076459329112  1.3720569219878687  
0.28808392741777356  -1.0760765227477567  1.2298166151848564  
0.5578025933278193   -1.0934667954713484  1.464355905238667   

1.4100274628539968   1.5585467105162123   0.6858683998910482  
1.3468751276638598   1.4597453387665356   0.583466417904943   
1.6404802200149728   1.9849333530093622   0.8363410087581784  

-0.41659089519128106 0.42624892901383865  0.6657725583449818  
-0.28953802409114776 0.2669842153978178   0.6300395509655683  
-0.18360571771366707 0.1656285508264213   0.4973716917266454  

0.30564991411488     0.05442145317466257  -0.32947185423510683
0.11921172438926123  -0.18647629232833968 -0.39818185713171694
0.06600110387738484  0.1953664266981749   -0.5685378868377027 

1.3695558194386446   1.2986266861362548   -0.5843284685812471 
1.1905712061724723   0.9757063802602677   -0.45450660802052223
0.9427405119094089   0.9753842913403487   -0.4983611937733836 

-1.7557991820660004  1.150772919833832    -0.2821901346083107 
-1.54032639010863    1.4958303508258222   -0.0640651158996115 
-1.4523054460817455  1.4156116621149224   0.02272342854740933 

-0.7660934247566367  -0.4833478682920507  1.7787976657906377  
-0.4129237142928444  -0.7638605162681416  1.6425764985809006  
-0.295058094994891   -0.7682449057695035  1.4726186379241397  

-0.9115568353875236  -1.3632580131025296  -0.4385227263160029 
-0.7925542192034629  -1.3608432824236287  -0.15121508849674137
-0.7624696170641829  -1.0257774041521244  -0.08141338852050367

0.303911152330014    0.032367174161997636 0.9554348889451856  
0.43047875008585895  0.25714377791019627  1.2686543881564227  
0.26603899240636236  -0.005784557506606447 1.019556787733527   

0.5464406592741629   -1.104507204778968   -1.8682611465941839 
0.7460196529699072   -0.9853412465922472  -1.8475069211131385 
0.714712036285937    -0.9679307122610558  -1.6581467245386732 

0.9443692637513547   -1.759347633008152   1.4326126856433334  
0.571822151165484    -1.4374192741167429  1.7696651103823422  
0.7786817581009109   -1.7288081892167924  1.5586592612534567  

0.9537776014450732   -1.3579379079423428  -0.21669967076178537
0.8893157957293267   -1.423819942022919   0.1351558704494793  
0.6272732445124523   -1.5443520759162817  -0.0984580910129158 

-1.8821905202560736  0.7464910361512729   0.741590045279613   
-1.5428307536843386  0.8226462701065449   0.7656551796224716  
-1.759380140027141   0.6260111596653675   0.6597178507823215  

1.7616265377275642   1.4900447527458702   -0.6949825318725191 
1.9354108108147368   1.3645349876046542   -0.30204341961913483
1.7955442077887078   1.5605235392091392   -0.80039303710445   

1.6659332141393461   0.7046924116636721   -0.9041900049326366 
1.8748754985186658   0.6177619092444704   -1.0068769693583346 
1.5188331825257098   0.5365163103917402   -1.0203622307416644 

0.8143024404019914   0.28133369103537526  -0.8927236285651021 
0.363915728056201    0.13086903452409335  -1.044434553709338  
0.4764446976470221   0.09498290739604118  -0.9587916693693098 

-0.759128604366035   -1.117886627654463   -1.4551372482082576 
-0.5814958263341623  -0.7138225926718509  -1.9205006215818146 
-0.6445530090301304  -0.9113019961766402  -1.8630236131661555 

0.1663955113101535   -1.1200331136122685  -0.12417508553793977
0.19847465112715967  -1.0711664511915133  -0.5184524384922795 
0.03920652570179611  -0.7227402509033276  -0.01623374597052607

-0.08180775702906168 0.10353954903845752  -0.6227125531972381 
-0.09789640472550915 0.1400634257214089   -0.5305857714021854 
0.2607033039002995   -0.14754754975929726 -0.8076959078500867 

1.221275622433214    1.9102669042786404   0.26198975022376425 
1.554669965911843    1.8048735452266689   0.23813146029947277 
1.2455765461337964   1.9863365696060682   0.27929970193530357 

1.2677869900429641   -1.109298750519809   1.556611206349554   
0.8869981672176968   -1.3531008479939142  1.4569058465681626  
0.9229690813978917   -1.266990171657269   1.625139021712718   

-0.48037192639657594 0.31825609163792795  -1.4432134056753223 
-0.4916862395557852  0.7369465910397686   -1.4677197717680823 
-0.17357757653553496 0.8292659032489255   -1.5041123364382802 

1.1966948316865447   0.8700458301327774   0.10649544950174089 
1.4370480661219105   1.3883015739961375   -0.1919693083869367 
1.3616136434673438   0.9243229483811893   -0.23089419396972968

0.8206580587996817   1.6924838209448259   0.25207996110632136 
0.4221068218204729   1.986798812245337    0.20662863190872616 
0.6833380174134469   1.5275183494675588   -0.14869294649699338

-0.9301360339762447  -1.5753687887424437  -0.38922835538531764
-1.0912802697036135  -1.2756378740746     -0.2733916929734038 
-0.6735096011359429  -1.6677887676259504  -0.5013774769537086 

0.10061073206763332  -1.24955786037399    -0.17407207492376012
-0.09516821715127285 -1.3245324131712404  0.06963586721537213 
0.2795307053310798   -1.2154129262522864  0.08850378639419854 

1.4679313998397399   0.04120811546968539  -1.418698856460972  
1.495520704510275    -0.04860867751424136 -1.4072973288323636 
1.6952149890258457   -0.25972943092578443 -1.0531461940519755 

-0.966635555914985   1.197804655313519    1.540289459396496   
-1.1979497071382725  0.9852564063669479   1.4021121373665146  
-1.334649706712201   1.0126152568648      1.4434149248088546  

-1.2626628218047302  -0.2767601959960052  -1.6388516305804341 
-1.323343832206614   -0.4073976738424959  -1.3506485659426473 
-1.1970261545685186  -0.31176514104670955 -1.4322844039952611 

-1.5563782807007114  0.40743202450753385  -0.15219925435225237
-1.2878376872422899  0.7955128044856711   0.2815011069095872  
-1.1464705730553086  0.3579829548164222   0.0036747156157104777

-1.2977809627608705  1.4519388823199202   0.5343808955787654  
-1.3671686290524845  1.6690857832305621   0.3858625981567046  
-1.5225480501942645  1.5612094043444007   0.29540228059803103 

1.8039125416552286   0.4394519104628378   0.14870414956601635 
1.891535063161493    0.7313441381842721   -0.2834768350052268 
1.5190546424689273   0.7209237849823524   -0.1583985005071151 

0.5200902938294766   0.41363704323654304  -1.8639347212346427 
0.06416061755844343  0.3760823745524609   -1.8843307346439506 
0.5297649878735006   0.30958110595002625  -1.935847417738215  

-1.9558589480845998  -1.7594702947807237  0.4154889551056088  
-1.9673759614472188  -1.8243443392654137  0.30904568951671146 
-1.5767188490389468  -1.679383802242036   0.05060653766058218 

0.5828443408633444   -1.1052076827156863  -0.9108426892717018 
0.5242583423226802   -1.0103233608239048  -1.0082726556987232 
0.6029868127310729   -1.2876603232429198  -0.6437704827271202 

-0.08227437899314521 1.1387625348604282   -1.762101890900574  
-0.23028661250841825 1.0416274935867982   -1.7423083020248582 
-0.26188246660509185 0.7321908992652275   -1.6127693021650333 

-0.10783106834824485 0.20087106474521546  -0.47646507342850186
0.24167967171821192  0.2051205665808913   -0.3845247066720468 
-0.26370408362093983 0.5630594278749186   -0.6441770465096663 

0.39720796771007205  1.6319007243756969   0.023389990845383457
0.422983672159458    1.7198838570077006   0.26612377183478775 
0.7296518123612696   1.796593626113296    0.18682597255022015 

1.1403204197139363   0.14108155144035117  1.6486975577930882  
1.4180312277091014   0.04556865110061603  1.6868636056826078  
1.2575004576267472   -0.24169266786719096 1.5141974398497482  

-0.5226199482556981  -1.063768425705781   0.5964393946877709  
-0.4429257350610758  -1.0445152015133585  0.6101021563252158  
-0.31673169217433605 -0.6945243158452706  0.5821196277781231  

1.1013325205070914   0.13945056853262106  -0.9159904968087248 
1.2047084671204664   0.20832733546921198  -0.8112980004356536 
0.8987009134500467   0.03940673044987328  -1.0137525484409435 

1.1173802695055473   -0.05717125932208614 -1.6732958112421938 
1.2431143693535684   0.18579554664214498  -1.2814691573847836 
1.0248822269404179   -0.26430911562594744 -1.6316522167310181 

0.2266870464031048   0.4161009796391256   -0.22164278785951225
0.2987123224744801   0.7143031722764326   -0.3436804228356424 
0.4865240372715608   0.3146903142025142   -0.2187793135933187 

1.4386986759669664   -0.8700859123118687  -1.6617583669128488 
1.2598661708290857   -1.276209584278865   -1.2502208874995202 
1.251090252102886    -1.1769101011944167  -1.4536262213931124 

1.3770991819365435   -1.497536293398758   -1.3176985172737148 
1.0725285686706676   -1.4779269406243027  -1.6678267492717096 
1.3851141780049436   -1.1464652200179626  -1.4627855639889444 

1.7089253538199847   -1.5397743974087037  -1.4140016938819278 
1.982851143951559    -1.6946308710892877  -1.5436190135912766 
1.976030410825416    -1.2768682675588328  -1.4137419024418145 

1.1714386866512128   -0.3765332939993453  1.4796617214268606  
1.554435525270713    -0.26895890801913896 1.6417822395997554  
1.6860468786927112   -0.30682206770696735 1.511246116521804   

1.275771693407365    1.6953058147166464   -1.5467802991224904 
0.9201635619191233   1.1950523755202522   -1.7107056484776324 
1.3524364244586393   1.3590783845746743   -1.629281570346854  

-0.9996238363712087  1.1440343555181434   -0.788711548605822  
-1.084857481758025   1.3213798084429205   -0.5789253357659851 
-1.2709487947245737  1.1034967559547422   -0.5916854911806804 

-1.692703586632068   0.9822759600621218   -0.1468787520641117 
-1.7485666214881264  0.7149462416466923   -0.09793108740361323
-1.5396062442606393  0.8483277843359027   -0.06251672281145199

1.298465597286377    -0.1596272047195025  -1.958096027407525  
1.6528165648710853   0.23973968125867384  -1.7676598913639392 
1.564412619350097    -0.1339364310266726  -1.9342655124280048 

-0.9400149534943343  -0.010337894831595529 1.81713485218789    
-1.1360228839123157  -0.20711534347512006 1.8257722272159722  
-1.0050907845391623  -0.2856105229525178  1.8856426080672506  

-0.08034021246221829 -1.4026448155110542  1.0547594480274494  
-0.17917094072457257 -1.0281005066346305  1.1460112600314798  
-0.15243138925901722 -1.0169124686145565  1.0930857377415721  

-1.0208625460673797  1.2815800182415695   -1.503532297574755  
-1.2384778148223103  1.3470567922220122   -1.9815121351644052 
-0.9168267737133148  1.4114792296989565   -1.8173802633852556 

0.27180191686965416  -1.3804508385557526  -0.876400895976698  
-0.03614444184420659 -1.408541355725218   -1.0158779608987145 
-0.2750136722936429  -1.3237024780406292  -0.9403793634685358 

-0.8491666860215701  -1.9166933918096123  -1.743445819000021  
-1.105577073354919   -1.6830086258118453  -1.579459275701462  
-0.7941977297149561  -1.4935430718494331  -1.547145390604448  

1.449586344783409    1.3435424882232705   -1.1245485448888235 
1.6920290512809397   1.4215576986843947   -0.9773463356667568 
1.1960219546034743   1.4956086485884277   -0.9246193839775728 

-0.8378449802274144  -1.660879228453196   -0.4124022871382834 
-0.6489776606440935  -1.3221542710033158  -0.39733660360412115
-0.5652756217613342  -1.677257302505265   -0.3174414708906177 

0.957202951275495    -1.0636229553757237  1.6449994383434985  
0.5956953726695755   -0.7025071928775564  1.900167287354626   
0.9717222073027981   -0.8566751531164571  1.5856909725875468  

1.3744402959121793   -1.2167967107167532  -0.10568056363754164
1.2321988760783522   -0.9651322451263743  -0.03488498184711131
1.6680623934994834   -1.403852260447385   -0.32267555591089614

0.9583722737621825   -1.9233639845345656  -0.3907476439537575 
1.3973745855169835   -1.9279627760518643  -0.33021379404348516
0.9560811551213014   -1.757071546649803   -0.14880031096388424

-0.6228149204807143  -0.8522313588856075  0.47090296216131894 
-0.7910920783362096  -1.0874422461166369  0.7590596721864729  
-1.0398611908807143  -0.9958218725820622  0.2928559356961845  

1.1739679005187003   -1.3722414425335012  -0.589876377535889  
1.3705395931720774   -1.354344346420554   -0.3831258099862676 
1.5658020984758567   -0.9889834471594994  -0.48581363834407076

-1.4291426820018018  0.6213101974536694   1.6052970084139624  
-1.6775611702441504  0.8015549478645659   1.1912939831496399  
-1.341810202997523   0.6004022766504717   1.5348327350361461  

-1.162397956083157   1.0829541206188509   1.4563391045289351  
-1.2031086137023639  1.0170803913129336   1.262164402123898   
-1.1785856938675257  1.113520687186238    1.2843572512199861  

-1.00465287579777    0.3939395460165774   -1.0122061735538679 
-0.9363870806788839  0.31975331527844647  -1.1599122114648184 
-1.2160940523812496  0.10073686872700544  -1.1854878459880667 

-1.0762191454289436  -1.4992795349517212  0.0452381002997041  
-0.7182693255566807  -1.1480455204185946  0.15350698753167072 
-0.8000378409483195  -1.4416270318189692  0.17054160545656258 

-1.1867293585065959  0.1466751295996983   -0.06770722873969304
-1.519984117591643   0.3488428875672104   -0.521412472796196  
-1.5131014370564067  0.4269500829831106   -0.0875062757891023 

1.051110668774731    1.6926853430888789   1.8067560077552705  
0.7048234196144124   1.999943510476069    1.608758279443135   
0.6227079792907675   1.6905836417627609   1.9253141617611504  

0.10986571344422691  0.6431374011974229   1.0984542070011385  
0.20706301526555204  0.6265946709711457   1.1088369230525785  
0.1762654334679607   1.1269236304943924   1.0602931235102369  

-0.26965272178445077 -0.27396108515576295 1.3483300416582784  
0.12616479852719248  -0.5593031841497758  1.2485470491788342  
-0.12639170619741588 -0.12708337188245333 1.6833033884662454  

-0.06541059633973406 1.3880427757517002   -0.8241246763001888 
-0.2520487316161684  1.2894693271737445   -0.9276962080313711 
0.05655408213592722  1.1894134795330622   -1.1239319116853919 

-1.4468623350356675  1.1146793654974019   1.390178211950988   
-1.2472671591258004  0.7262746000546838   1.1274163559508867  
-1.5575378193107272  0.8541005287658714   1.1283156611860066  

-0.17923245741984747 -1.3272767901302078  -0.4587070894627721 
-0.2587533205058858  -1.1286270220921955  -0.35587276023773107
0.03194772744011115  -1.2780535380250138  -0.7836764129983677 

-0.3877994000107071  0.5842042127952443   -0.8741173107585087 
-0.5202438852436899  0.7152030088952339   -1.05202524621449   
-0.2383628733244348  0.7864345563661275   -0.6025718765834976 

-0.019853545893680213 1.0846713340827296   -0.648516464035348  
0.2507719798792516   1.3808612066755113   -0.9573013679572054 
-0.032943052274333307 0.9348614883660706   -0.9410095060692983 

-1.109007924927681   -1.7431685809900157  1.1997620958883715  
-0.8092182599819553  -1.5885251995638956  1.3212481952642936  
-0.9141931315529149  -1.46581269184923    1.3403798307614931  

-0.22676166922242086 -0.21556501487310537 -0.5451014326962504 
-0.43031997400631916 -0.18173933822416644 -0.7877456175434301 
-0.49161373814118753 -0.09971860015654699 -0.7370645375833413 

-1.4359428471736015  1.1093222022567677   -1.2941685070523499 
-1.7216290253461386  1.4233540832130502   -1.3192106516847448 
-1.5286499899757529  1.2635753073957916   -0.8622470300576645 

0.5949392389347641   0.29001395784861955  1.5538642436886752  
0.8049562513734099   0.5510922916364414   1.5938916917369292  
1.0409799575342424   0.39966205410859057  1.643374129553719   

-1.9741831340302443  0.15758203550096175  0.25619656565726434 
-1.6202612756031987  0.39466454876803253  -0.1053090869086391 
-1.8757926238979676  0.33992725551847314  0.26559168393073274 

-0.9219353737547717  1.4072672161460957   -0.8032259257489998 
-1.2212901295886147  1.484877305388976    -0.6088657137617962 
-1.2596573872226824  1.4763946321155779   -1.0453371745108122 

-1.0246083697316406  -0.4346875999289499  -0.46072762909988507
-1.3844103488625632  -0.16654319200244044 -0.5228991876493294 
-0.911098689099193   -0.13435205233079284 -0.42132746010984573

1.3127601161361082   -1.6230311042108025  -1.4420207916512935 
0.8784053424442958   -1.178892962282105   -1.8774244484067641 
1.42426694798571     -1.4650116770209887  -1.4646295813004486 

0.9759473956004102   -0.5518282749789925  1.6819055369706775  
1.0012882782351005   -0.10332954177454584 1.2242486279052172  
0.6088894647999058   -0.03915398316017671 1.581333138120053   

-0.9256845190183104  -1.936101328668365   -1.5757602889045796 
-1.2587194125297747  -1.8646063747941688  -1.398929299292433  
-0.8577313268931372  -1.9323600336666344  -1.6478660903151412 

0.0020666882668037845 -1.1542757153922998  -0.6387091867140677 
0.10674042520051336  -1.6445183850829075  -0.879560560395835  
-0.11321456931913787 -1.5240451984487278  -0.8493257504652076 

1.0166711462753033   0.05304961640896819  1.464983847227773   
0.9096887408747653   0.5406468013908441   1.333908879050645   
1.4153252983364792   0.0018961745229802984 1.6633327678593073  

-0.18442046262792275 1.5711710219478925   -1.6196542418192683 
0.16297338639539743  1.7251416145557372   -1.5854832405487165 
0.03908907002857537  1.5054846597437317   -1.3362089003246822 

0.7123310175394948   -0.588299514441593   -0.13393034064349907
0.6579920394575809   -0.7762214461180391  -0.24755521139271286
0.7719103854150244   -0.602341238221183   -0.27569115251582815

-0.9873503786604587  0.12851857239723796  1.0844551467731445  
-1.0873048155366543  -0.2755323595001528  0.9205158400241118  
-1.1742503762043826  -0.02257942598747631 1.3324696647396255  

0.6609510267463461   0.4546929905162416   -0.7780754839062256 
0.909486948664824    0.4218057147362584   -0.5910403251219081 
0.7229408391884782   0.1403826855245359   -0.3365586979300701 

0.5682894964087986   1.4136497480221255   -1.4114323334575083 
0.6692562585733922   1.4663605790939211   -1.5755231597082562 
0.631191942373539    1.3033122190726452   -1.6916461285411406 

-1.479659588562594   -0.6086396028999165  -1.711764377452595  
-1.553918951512002   -1.0745599209984573  -1.953320281967848  
-1.7080024927070496  -0.7740299811938026  -1.9337927435373135 

-0.5140341478918721  -0.680264767523597   1.6218283266092701  
-0.5890986594609704  -0.4658364919257316  1.7190748555243691  
-0.5559912902307402  -0.532748589526803   1.720056067275233   

0.454006060521161    1.9751285132205338   1.3135336723820092  
0.7900436479368548   1.9328640136480133   1.5505712767863848  
0.5137869863674458   1.9356516149145027   1.2078909684825554  

1.0330676514686337   1.1921670781828944   -1.4419089250354773 
0.7637330299720718   1.2965152870990653   -1.5718999424804303 
0.8995038774923172   1.239702104947926    -1.4919790825645896 

1.4224990994120108   -1.033652693194642   -0.5041625584242145 
1.597108082607035    -1.1980631980237137  -0.7658159922796668 
1.4603397522202832   -1.1582491540185538  -0.3248320365155568 

0.474666669369077    0.11606791467237759  0.3603610214862868  
0.29716631989593334  0.3596089191524961   0.17657290886446309 
0.04123275457146658  0.10819382665952595  0.3226919198788279  

1.5547826106510834   1.6561141549499219   -0.3709112131204776 
1.3091579116489682   1.781330742261445    -0.295427603944615  
1.6207207507282446   1.687636395881656    -0.3716013928749571 

0.9270148622607788   -1.0879758459417144  -1.3515789730290066 
0.8937779937911228   -0.8612825785138297  -1.1081871629738695 
0.9456555410135047   -0.5831255125468828  -1.3371209295972044 

-1.9724351031143945  -0.45135500670564543 -1.655639105302864  
-1.8075978338916412  -0.730886891838795   -1.9445870950021695 
-1.6005891678689057  -0.33759961290145735 -1.645227677985428  

1.0759403059546082   1.3968472689748235   -0.36062741527460945
1.095774770111829    1.2124280808016397   -0.1379065452090521 
0.8815061073673047   1.242660505384579    -0.44905372201228494

-1.6921676451885013  0.7056523112331525   -0.7439081807672664 
-1.430407206886263   0.7031096456503482   -1.0146279799128073 
-1.877376571253258   0.32266669069362963  -1.1117474933340605 

-0.019902720053761702 0.6322501127650783   -1.6192737355609894 
-0.2641257385681941  0.49852557084703     -1.8422258301508705 
-0.0792013662944076  0.5635868780207247   -1.5184594642902005 

-1.2554209931985105  0.988346609400669    -1.2830338430791401 
-1.0571683792727185  1.1704008927175722   -0.9671440990516615 
-1.1061891441268867  1.3051740331622113   -1.3712698155855199 

-0.4418335221762073  -0.2788352387104645  -0.3630195760695626 
-0.7200408493153667  -0.23475009869067867 -0.11235985362785805
-0.4142473838683024  0.2791247397102028   -0.1908170969028295 

1.7143580500469282   -1.2576887970227015  1.5519024633611256  
1.8902639346310686   -1.3107013094212538  1.2863742284031385  
1.4583955525897487   -1.4724955860408973  1.5862304407148573  

1.831009759484879    -1.3188788990566098  0.39058565119986055 
1.5981215740220174   -1.576554810815233   0.3840417661076983  
1.8174585130646985   -1.1764799798712475  0.27696624097268646 

1.5677886511096237   0.3224873673902467   1.4692586700591919  
1.5303545459357413   0.3523600579718709   1.686213370927488   
1.57582076972564     0.24798414859167117  1.580635345929905   

-1.4668476773374852  -1.1049027612387445  -0.5329392759152232 
-1.6750217488681376  -1.2289760488108048  -0.4167782976836733 
-1.5715268259375361  -1.3260734947444017  -0.3578227013297807 

-1.2494046281093318  1.3495315083957466   -0.3311215627531073 
-1.303964337954873   1.0444525655464405   -0.437979608509299  
-1.3760018106347298  0.9132026866400766   -0.5310486071592557 

-0.8606968014391021  -1.816425592813075   -0.32877439540622566
-1.3557799149224496  -1.9025792146938314  -0.6586364076792939 
-1.2928938769434761  -1.555095519391573   -0.7834835936118003 

0.7382408505021418   0.9724472110124145   -1.7845305221427852 
1.1010608187741573   1.3553164686319445   -1.9625852622530242 
0.8219523498782662   0.9611745246952688   -1.760891110235697  

0.29000783246453854  1.0704422288114426   0.3733333424311789  
0.5016435724607738   1.064724575755698    0.0948112185471599  
0.5018214734026575   0.9365758322211424   0.08834413106057998 

0.040173961605926095 -1.0469137955340313  -1.225999128984117  
0.04661348470733545  -1.267225393200929   -1.4645916887846737 
0.14666062388107687  -1.2489664151558273  -1.5173850338473678 

0.20102792986888907  0.129352948277578    0.7718612188806366  
-0.27226365804902475 0.5450823640534583   0.4447394028136963  
0.2120299329994541   0.19278778692763332  0.5469773742926336  

-1.1607960855552228  -1.9216491245380292  0.9702880173819587  
-1.6092442149159534  -1.9120308508879675  0.8602170026087106  
-1.4363600352235668  -1.8684809839126766  1.1162198060851274  

1.6132218781760268   0.5010807554614962   0.3468383052463506  
1.583050235334263    0.4232478375675205   0.7488845638331213  
1.6348077010076585   0.44501222934616214  0.7199040496893175  

0.2983408830732717   -0.3817315455341476  -0.6865208404105527 
0.5662356521444557   -0.6260743800760269  -1.1068329128541206 
0.4785432283361962   -0.7084390415710089  -0.7733465003781298 

1.2133789153735566   1.3595222181954785   0.6976519282403371  
1.2842516624017957   0.8658906132013107   0.773754406490634   
1.514233176130436    1.0563194389429134   0.6169492594847574  

-1.2410267683150351  -1.0289546234314046  -0.3845560229227543 
-1.2228329090547172  -1.0783431777141121  -0.32829969285437544
-1.2968781579198265  -0.9191871001600544  -0.43557586866415415

1.4530755873119428   -0.3034103425089581  -1.6631383086363136 
1.2084498580607475   -0.4200900396572753  -1.469687820722257  
1.4465916733713473   -0.4492730844249129  -1.1771296935030986 

-0.6818646388348145  -1.0771346803717994  1.6233668796417633  
-0.9598327073160573  -0.7993855192885166  1.574826199431463   
-0.9775930785780131  -0.6589364094136397  1.6038571397463968  

-1.616897655716111   1.0922333201487249   -0.3975498321963947 
-1.9313301739137605  0.9061122072384047   -0.19463159041666417
-1.8237493600078378  0.6277268621160759   -0.0859982981673284 

-0.9867523762526709  0.6277377222377798   1.8163356558755186  
-0.9543882340638115  0.3985736588793417   1.9177482741723553  
-1.0640214626202704  0.4677437513838192   1.7272250097873627  

-0.5275986415954859  -1.2770379556359601  1.2756311949338315  
-0.7474431394718817  -0.9017686768173675  1.192659754971013   
-0.799629658946022   -1.3084355688734877  1.3715398035130542  

0.8251210686714111   1.4225140763053477   -1.0494530124909776 
0.3168165018321219   1.296949233647815    -0.9000082827736782 
0.4026137281528484   1.120218903129136    -1.0529381174463563 

0.7358796860868898   0.5376171596203447   1.3275018247159907  
0.7463772838745645   0.4416623087011283   1.285401491479544   
0.7332665499151507   0.6437617505011546   1.2805081012656838  

1.0789518065307706   -1.1620657576593145  -0.5548220168535083 
1.2467819412079078   -1.2213490988122035  -0.7873390721268039 
1.1737486200230727   -0.9306321876757089  -0.5076457716062872 

1.612986460252264    0.3090116157605385   1.2935454019132926  
1.1929603669916329   0.7652865252851834   1.2477896447999695  
1.3391791272979277   0.41928833139160604  1.4951929120457585  

0.3858776247893265   1.2490759606261235   -0.7517704913227234 
0.7593819687188255   0.9401311137596648   -1.0838905924057758 
0.3340539860375997   1.158923778564506    -0.8406412132853933 

0.2429941274240063   0.5669560730429988   -1.1977499817994104 
0.18730704073447424  0.40884636892723064  -1.0435151861123595 
0.32137243183431424  0.4179114890572371   -0.9468557706387662 

0.3526980875441084   1.6374461789571284   -1.181277042590088  
0.552163429360692    1.6852794689843282   -1.3568138158342982 
0.47362176825364094  1.539514028181257    -1.4592085519972513 

-1.1158115585386807  0.3116059726808246   -0.582478009721592  
-0.5917598649898171  0.32670643516719916  -0.41626404522633703
-0.8069800052620891  0.34802986179193346  -0.4040452128428173 

0.11769043350522893  -0.9298911974985615  -1.2396074051415562 
0.44760108234747464  -1.0802143276303613  -1.4078768079607404 
0.32115015401436064  -1.0648402385276359  -1.5432771974719852 

0.08797365866660767  0.7701989462469316   1.041663855033174   
-0.2446305702997874  0.6115828679120351   0.953661951936622   
0.09708547161943998  0.7672642386095893   1.1915684557762702  

-1.6608710497718717  0.9741599542464483   -0.8495784267716457 
-1.2382539204521845  1.337501371973537    -1.1363028344826578 
-1.4115899750094794  1.002311747009561    -1.1257853163740204 

-0.6946749005337758  0.9226904424630342   0.4750262235499779  
-0.6864663813103815  0.6926218081418715   0.4668023012557001  
-1.0874916858717583  0.5805605639190095   0.17553852173654338 

0.39607116091715133  -1.055751237082609   0.12119671799800485 
0.8288236997976953   -1.2147178947537114  -0.2187747754442655 
0.6527118955832951   -0.9337916698489287  0.1626332003056844  

-0.23690649215208331 1.2360113837441284   1.7001862313333769  
-0.4493558536334128  1.1445234500103556   1.6386218963797312  
-0.44297438169899694 1.4024899456379212   1.2398476412241264  

-1.6348538733745328  -0.8536141018289412  -0.2978194419723139 
-1.6096462547365005  -0.7862186387511749  -0.7224081063930429 
-1.460912162661998   -0.6917357687970107  -0.810514830882258  

0.33592502919936135  0.9626570850730578   -1.455825442022089  
0.4133447656600758   1.1324497165063492   -1.6115111395555175 
0.3937253940792844   1.1449377113448171   -1.8073605219918403 

-0.1001438947028595  -0.6871991063172855  -1.7032866102497541 
-0.0196045132281516  -1.0725394509040158  -1.6636382987470597 
-0.03374321967107552 -0.677293099568666   -1.9406631258403249 

-0.4996691361854861  -0.034677268796936445 1.7615307401679337  
-0.4774076923443521  -0.3160954329982022  1.455920480261902   
-0.5386221161106384  -0.35501823863502124 1.5964804162729214  

1.4929937239839377   1.3429752712060898   -0.14892617883198936
1.6014366489503469   1.1615581748089774   0.16121899132936196 
1.2051732894948985   1.1848611803974407   0.07829284075766296 

-1.1189868653040764  1.674384880065269    -1.3270127946020331 
-1.0965460401857483  1.8547698349025854   -1.315804415161256  
-1.1810379647373126  1.9518891180264104   -1.5748874598211489 

1.2863307457872366   -1.0542147763344394  0.16832694161115205 
1.178550343458773    -0.7039963780925647  0.4212038331731948  
1.5999520751661827   -0.7315576588563886  0.038281926007669775

-1.4247393489612754  -0.4988525172182681  0.26168948010432613 
-1.1753180700776111  -0.47997758307331695 0.2719112523934212  
-1.211118216922518   -0.12097595665360994 -0.12445788291674653

1.5244466693768368   -1.8487594414516666  -0.3153080579558612 
1.6713023485508363   -1.8431451182807557  -0.2678229269134645 
1.6849581534856946   -1.7436010858322397  -0.4911453754664027 

1.3629227788836102   0.1394247670926745   -1.7019941259505944 
1.0418875036610922   0.2878623989441323   -1.1949528282785455 
0.8754904660923515   0.050629871760627554 -1.5031168843742115 

-1.9297752216631308  1.648185758500775    1.659797027149076   
-1.623692192062681   1.9711626173965813   1.4396713838616402  
-1.5686597565560443  1.7241801692001255   1.8633136464465467  

1.970589473488901    -1.1242154205828858  0.8487900001920186  
1.4409913443936373   -1.1199536787727826  0.762268372116339   
1.6800060506874002   -1.1511379773919939  0.6656558350259884  

0.2661171720080251   1.8035381340155736   0.9696170784860201  
0.12898041979000857  1.8937007888185875   0.9236079187690758  
0.07930875411638239  1.5591125415537361   0.8944346425836035  

-0.8842243775332418  0.43828839681777987  -0.9972473274473841 
-1.260184263638342   0.8261234221608121   -1.2658705948162625 
-1.0804235328661396  0.33136664711056524  -0.9794607106470576 

-0.23562331397774255 0.37658331529622024  1.2258691393433785  
-0.12450455617832756 0.5940884827593824   1.3515824869027786  
-0.4647464124244768  0.8128695010809306   1.5873198733767184  

-0.3318856973323326  -0.8859735394550996  1.9692766549692513  
-0.5471432310429127  -0.6309232315836167  1.6167886586434885  
-0.5167359722993051  -0.7785140052784373  1.997452859839631   

-0.5130686942363984  -0.3328658948851432  -0.5083105020377447 
-0.8481666495643543  -0.4626665370003053  -0.30605547492837926
-0.2949010037917925  -0.26589318338885415 -0.8515275446966131 

-1.45148891828577    1.013336322466026    -0.08760382728183697
-1.337348179099658   0.8991960565105882   -0.1256033247845646 
-1.1751919125287058  1.274697703868668    -0.035322059343047385

0.5074673590681339   -1.997313311427498   -1.2923859010479597 
0.5113726894606995   -1.9117000882798267  -1.187994079366092  
0.778153003636521    -1.9360683365723466  -0.9099386758283687 

-1.2700360093670184  -1.3539398518510652  0.6220674854969361  
-1.3065737288776644  -1.6029044491047941  0.7179725930592593  
-1.0682000489192072  -1.3200286376773942  0.38549565404617925 

-1.4874891098853764  0.6861336998590706   1.9190779306822434  
-1.6147312107428191  1.026268436441289    1.4641910741649962  
-1.4287324123338179  0.9520200266851889   1.5128470716874922  

-0.4418606149318519  -1.4908702202443949  -1.2674954833261525 
-0.14289723863300585 -1.8604978200678002  -1.5415932087210031 
-0.18048734697900337 -1.5637959696133645  -1.4965835682015578 

-1.1906852833063355  -1.9594474986395463  1.5532129931761152  
-1.3400447522351493  -1.5206162506584249  1.1711426534263234  
-1.3549510900661839  -1.738163680582971   1.1521523733889754  

-1.379110833767436   -0.8733090655473497  0.36771254569695866 
-1.0400457774474896  -0.9770269197473452  0.2794413794405451  
-1.369342223815754   -0.9516472639454138  0.34560396376403546 

-1.3169539652144109  -1.2534000974675328  -0.02943841690697735
-1.3836630528357305  -1.692821890717843   -0.07486838462482365
-1.1150494426068622  -1.2228819825205135  -0.33132500847114355

1.6556767306761204   1.449083644424291    0.7622612953927236  
1.615704603611054    1.4567123192199325   0.435133986932258   
1.2886306634504068   1.6659470664326377   0.49816004177822726 

1.6309550656655782   -1.0161875485633465  0.19150692240498468 
1.5094224704506045   -0.7130517078786185  0.21637972891109003 
1.842522224100645    -1.0001855007509546  -0.2319893570338796 

1.8665086301038483   0.11224917882202784  1.2108433887671957  
1.5323817195140423   0.3249374319414425   1.1717784118061703  
1.7636615345000641   0.36209160437920757  1.1466110064680186  

-0.9989663665922972  -1.6964412566846048  1.4639511141228796  
-0.8681451863545365  -1.4734901077063058  1.6635466681251627  
-1.361703141838673   -1.5917673873356504  1.759416353423565   

-0.08042999805080614 -1.8923567149469362  1.158673485594128   
0.21200863331461645  -1.7617034006967145  1.4731652280640322  
0.1096209254341513   -1.8152360805090133  1.25150819344819    

-1.0539605866422497  1.0336237707809      0.607241410118017   
-1.121314622103209   0.6150930624923449   0.6499368394822774  
-1.0767277673556537  1.112426718488246    0.8303784249165489  

1.3074187729752633   -0.4938889268301991  -0.5601853792665283 
1.22345624045191     -0.16105574724181299 -0.49817878415456796
1.2683280906008425   -0.41322167042168545 -0.5632693737448791 

-0.4331147651455808  -1.6811704853552571  -0.7113456461954262 
-0.24020273865836483 -1.2569765179931494  -0.6599074275465988 
-0.396297124256294   -1.558516757161573   -0.705223732640608  

-0.22531512994829975 1.4016707707086529   0.9034365331305735  
0.06415204753620046  1.1937839652825593   0.6465663237316377  
-0.2651597743116598  1.3433372955131755   0.6790977719210984  

-1.008933038672259   0.7632178868731518   0.920303252931935   
-1.0736044639252014  0.6072311189801723   0.9202182976201767  
-1.413354322653371   0.46542446181434494  0.9171828838373245  

0.7037261879643069   -0.5233963169506047  0.719164955659992   
0.4037314231348278   -0.7408651408185571  0.8484010275626208  
0.4781060084059356   -0.28812624549810695 0.2859174921729009  

-1.2875710689665707  1.6429042110255798   0.8097002567819955  
-1.07529486025045    1.8206841850977031   0.7823057700161864  
-1.3818224298372097  1.947121286543442    0.5460923134494355  

1.984652374381585    0.2677559401318437   1.9882675100810903  
1.8081308485289322   0.1549985999633966   1.954579247552951   
1.6650988133508937   -0.004003965404459409 1.9172723650119439  

-0.6519277897486708  1.5829773752314777   1.127353470955354   
-0.6666572709787716  1.145285559765338    0.921908920758965   
-0.7827350162204278  1.6137750662629815   1.0690514306000547  

-1.5059951493315742  -0.896764055738031   -1.6216631612209893 
-1.744746107158887   -1.1261764487292554  -1.9418403240377167 
-1.9902190543963854  -0.8733056271794966  -1.7632940090221074 

0.3726708093416091   -0.2733487125762999  0.011366527489571343
0.8006263123850679   -0.1467838304000893  0.06813052421976645 
0.45717831063794234  -0.06343493085972185 0.11117095921617695 

1.1168369518509866   -0.21216626372768493 1.8644571956363145  
0.9552380043970954   -0.4264997336657036  1.8835482512786084  
0.9742733149785473   -0.5361962659114867  1.7231858096539794  

0.11851628856045826  1.2623414213732278   -0.5175295243294407 
0.5487139209875088   1.3477382357953576   -0.5142323401296636 
0.04743107482271508  0.9773401789165035   -0.10548561297254005

1.2312147285455017   -1.2013778943525955  1.9920500711195008  
1.0293651514212219   -0.8914045303620447  1.6768904518018548  
1.4127326134925262   -1.2031169948654459  1.6625549303665197  

1.0955389882224313   0.2500507990898162   1.4369180898842884  
1.0874316056141393   0.059152506818209966 1.4489945716277275  
0.8961889052540817   0.2598120322406981   1.4859666328401129  

-1.9633422894494956  -0.4733787959882007  1.4010875341129494  
-1.6024273701040788  -0.1968029588093374  1.2899408834576938  
-1.7661094137470945  -0.0812333994152446  1.3445312968812688  

1.5147333737055861   0.4485164713352892   0.5265639126601728  
1.5681337805348479   0.2360547274702405   0.3868576503291512  
1.3900607046020903   0.4806762664662355   0.5973145396281712  

-1.363240113255609   0.6700924716916639   0.8424444703240015  
-1.5304247981094932  0.525689416461462    0.8262317419058189  
-1.2440679945531414  0.6202375754535352   0.8473416725454722  

-0.020635250389029025 -0.9512349357782623  -0.953389762112836  
-0.29520968032061    -0.6887841045051556  -1.360104553668798  
-0.4328992338701373  -0.87000866949178    -1.1413321117058248 

0.41427548829317756  -0.14717985775083875 -0.08141874727843862
0.8547572143411138   -0.03049540908322157 -0.028190200626246775
0.7303822605246173   -0.50601738025916    -0.06602364579036546

-0.326518450025165   -1.344291771169898   0.5356249466002916  
-0.7396261773585611  -1.699324644211825   0.8495081147274479  
-0.43198560816262543 -1.169055025828016   0.6484523066343265  

1.2105691243979748   0.6882748016586007   0.8536666486773403  
1.1197514335764454   0.7253404433974673   0.574715226488739   
1.1088892434799447   0.7091603105242312   0.680005360869274   

-1.049812740745895   -0.3063478002694843  -1.8549151173820437 
-1.2698066377680157  -0.5097549550034381  -1.434640463333436  
-1.358616057089365   -0.5429803066371417  -1.8695813099131735 

-0.4880033438785176  0.19775388837945201  1.2180810748512672  
-0.8278844994653238  0.10204153865697257  1.3476284822041487  
-0.5958988630425713  -0.12928872708800399 1.2959006881372723  

0.713488007431608    0.007955672849941364 -0.2844036451758554 
0.5019911410105621   0.20436721770538274  -0.2527473557479298 
0.7376711742407951   0.25432464406433697  -0.5034778560014849 

-0.09339135998984535 -0.9618208724898576  0.9456919774287571  
0.13776488303654666  -1.1981469884427978  0.5974845711018135  
0.023947759977663075 -1.0681146387770193  0.9113162734585417  

-0.06976371060359832 1.961042766976051    1.15072456754702    
-0.5345321678534594  1.497269161568994    1.080707816475885   
-0.4757676660599258  1.4642282789018397   1.005110267400881   

-1.7493492123553562  1.0167303923303599   1.5052811107126127  
-1.7479159611569755  1.2636900143289418   1.7720725924057645  
-1.5114873170840704  0.8693692341363184   1.5331787059808273  

-0.0017693464895404132 1.3276670485785305   -0.15929628223792447
-0.4772241874138543  1.2694993898703486   -0.07249892822950724
-0.3132070438472649  0.9166252951266878   -0.24402759076022745

1.6103875109210193   0.11665372506909297  -1.6428561357872007 
1.8848803926563211   0.4031331769688215   -1.8963241376262838 
1.9781486768777121   0.3863927535488685   -1.4427666080757924 

-1.5678800400101036  1.5166036597404562   0.465867134265811   
-1.7047709815387808  1.332920949220728    0.7856880527352277  
-1.5785199833771584  1.4186328070918863   0.5038328793303287  

-0.2536353231457384  -0.6273415744501365  -1.289501275415547  
-0.21458046637713085 -0.9561204923466151  -1.096681455580525  
-0.46176849737949827 -1.0234056507666534  -1.303797326098302  

-1.1192698213727903  0.7191417692906912   0.5324863860381365  
-0.9526639154339255  0.4664287153067821   0.25646172813925344 
-0.7611988246404944  0.5438580421520589   0.5494176359986982  

-0.057452481111572196 1.6941939287593362   0.2855238703106606  
-0.1957412038732228  1.5722071421947281   -0.005453420328503766
-0.06270508079083636 1.56513179940218     0.19964250874732925 

1.3246793898681184   -0.014542971174708152 -1.144613567792145  
1.482362600918709    -0.3421550757622415  -1.4447734535343164 
1.2265716468650005   -0.15928598379874254 -1.19030153168206   

-1.3164152560525508  1.376890895764837    -1.6788591279418847 
-1.5645837463449364  1.1877595153865144   -1.4967793183274245 
-1.3252809269663988  1.1967754201916772   -1.4372098290027877 

-1.3386945911346262  -0.38852626639440535 -1.8215394828461446 
-1.0444400772103903  -0.5408126313880504  -1.9431899182264774 
-1.3584799470853666  -0.44827350868825727 -1.4405642199484303 

0.8296612662687862   1.293900076454506    1.0561221328350585  
0.4750047105799404   1.1559507637248163   0.89192674222815    
0.4766941871731336   1.3242132713377024   1.1248226215678359  

1.360069986595847    1.4960561818253004   -1.99757172927422   
1.2572012999441369   1.6532728456275927   -1.5005527300472083 
1.3529280551012524   1.9709470375943072   -1.9701451171439686 

0.15580324605104448  0.9996082461934873   -0.14244294756764322
0.5665994696248975   0.9795528087718322   -0.02313393318328566
0.0939975437109746   0.5947898209628055   0.18520700770048915 

0.66100512238392     1.0551516618462147   1.2341010219751696  
0.9878177754825179   1.0529020301204512   1.1626616957986005  
1.1264154499464119   0.9908796602102012   1.070221818622111   

-1.0446934205148335  0.1258083393932276   -0.8820236807177274 
-0.7354979964293895  0.013664679580876415 -1.3503956960631445 
-0.9292612965399788  0.13728905363595695  -0.9187134654451962 

0.47142655430008645  -0.9429084653341024  -1.5050906777074051 
0.25045617069438403  -0.9339014319303164  -1.4784081554163313 
0.2825674112414518   -0.8982514944143473  -1.9759322862149813 

1.594518515583749    0.500463464128702    0.4286554376826068  
1.9856466800521815   0.38920345671843026  0.29477109502704496 
1.5345558494323615   0.7811324998286799   0.3142734449004116  

0.8756448311772037   0.35242790516424455  1.2210121302045485  
0.9153501645625812   0.264098796767172    1.330210083067315   
0.6882424366508515   0.3566430193880656   1.2196438940543173  

-1.595999896058939   -0.761514705510207   0.9747701289017967  
-1.855298124564739   -0.32726148352136564 0.9203389272106959  
-1.8072298511772102  -0.5068285831051413  0.8054825187571338  

0.30379165340359493  1.2331930903926986   0.08225369957442735 
0.8145574622873221   1.024256883980451    -0.03514854521764804
0.7405566688749249   1.286082086313967    0.28029826771136    

-1.6715036102324914  0.26579399095521894  1.542176289461382   
-1.214772911362816   0.11346962435888752  1.3646673954328337  
-1.467013538666042   -0.24484052609469492 1.6662853811045986  

-0.38338841747372754 -1.545507020605841   1.299931097746538   
-0.3889162597772154  -1.6645657874514825  1.0112672097532784  
-0.6064374608811021  -1.8971405044396474  1.2508363468334487  

0.831166355801888    0.11685415449364245  1.0712749590683224  
0.3313441327696045   0.036322508027812395 0.8055053886648752  
0.7908669869174507   0.0698579858267902   1.1097629604262536  

-1.8360870973434253  0.16929994287807798  0.9724287385251108  
-1.9393377715151388  0.14930697691634537  0.7739238079450205  
-1.9145162131498734  0.4890950280783642   0.7098965462676718  

-1.7701953040932232  1.8761751424218742   -1.7869491963790083 
-1.820307852625381   1.729899905025042    -1.999317704911521  
-1.5446985628623664  1.8582667326081916   -1.5437976262498299 

1.1621879534718527   -0.6846768427699745  1.1578659656915193  
1.1668328348803154   -0.8194634303607335  1.2922456619383733  
1.1859095856174608   -0.6579534458919315  0.903552153301887   

