288

0.07352595920293731  1.3905197791667725   -0.5049369817863435 
0.031623294387123635 1.688287551847266    -0.3722637649954129 
0.2072663855442155   1.567061825755022    -0.09305771694728898

0.3159921364898889   1.6422694945694083   1.0375579704915228  
0.44056856247502096  1.6744489021660653   0.9906565432579861  
0.5458936792748946   1.3126309015753892   0.945652068712812   

-0.20696675170258255 0.1493937269502389   0.4169722660380651  
-0.02685010764682605 0.009088855372781757 0.43221733396136425 
-0.49458595133460576 0.23969830377521162  0.5703019554709731  

0.5171512439673066   1.320014124679517    -1.4872319509579035 
0.11720688330308304  1.3821931291624265   -1.691419339290025  
0.2416416353790173   1.4330106966326475   -1.4842655912902987 

-0.16413129231450369 1.8063044879492722   0.9168541151839691  
-0.06726418201422713 1.5917585595279795   1.2312170463980323  
0.1113300323517552   1.6979430824134878   1.379614503562027   

1.6735456468771392   -1.6563478659474429  0.31555906617906354 
1.2637410887801697   -1.9973479488713735  0.5464666514261202  
1.631541226403923    -1.9671837399707963  0.5338894021481454  

0.7396678107668421   1.6443972157181033   1.6978551306466827  
1.1264539627335275   1.9951328883220762   1.2992374209250963  
0.7749163199915804   1.4492254309070118   1.6714497068938243  

-0.7598799880550126  0.18522499434102702  0.25400290420847604 
-0.8998831536593974  0.17512856661153237  0.08089864064739644 
-0.7752694579131101  0.09601565215034802  0.19362863076326792 

1.0629829417938506   -0.06484671703930386 -0.1395413285142651 
0.7190126615384306   -0.023747431892068904 -0.14785391085093297
0.9790655161738503   0.14752994199644137  -0.21173548127769465

1.5112248514519075   0.9618782688743719   0.7309354026226083  
1.721501686188882    1.1488335127750529   1.0182030677984133  
1.6457143734289268   1.169615164071592    0.9627372885640582  

0.24116144074027002  -1.4476396431264584  -0.04699947710580166
0.3395669153322762   -1.8490883686191408  -0.2943945145211753 
0.38122270046184475  -1.6329280201702199  -0.3378074410524248 

0.6014251275477068   -0.925876165271538   -0.2527720434242549 
0.6961914494925698   -1.3225259886697123  -0.35186942806338234
0.8505409391132357   -0.9964046935554056  -0.04716280409597018

0.16202095368292577  1.5721489328710554   -0.2649297588216401 
0.3982831315065367   1.9978722306928582   -0.3364345628933055 
0.2781572506711066   1.6862942634555091   -0.3237993832493806 

0.3509775400743707   -1.1028056165109121  -1.7258023156277844 
0.24069184653436543  -0.8884868202300606  -1.9469387388369523 
0.3974621399131591   -1.3468111116984827  -1.9860527152961425 

-0.6743935608431145  0.9737035894767512   1.5636950589979932  
-0.7519053974659027  1.2730208232417268   1.6767304302838497  
-1.0635175045005398  1.2787574996337623   1.5513661244535162  

0.4796164785625332   1.1146095766507864   -0.3013520975151879 
0.6786680610751021   1.12584820274692     -0.31370622720174013
0.2871437876611455   1.0087996726120836   -0.6301119183608818 

-0.6573005747783592  1.1082678752575412   -0.6621491327773432 
-0.6965556543614703  0.9837553709853274   -1.013084797476067  
-1.1142555957938778  1.0536433988970384   -0.8297555250724207 

-1.0220051964100278  -0.9065044879094151  -0.11011539578521612
-0.5776342560267022  -0.8333887508551501  0.1671681855027315  
-0.9767723333240085  -0.7351736516804054  0.20313174925899935 

-0.29149254977504463 -0.6337852290505916  -1.0126553774912486 
-0.049309841508174634 -0.4041727555917212  -1.206559957996198  
-0.2150251922081608  -0.5751219601740157  -0.9345233713521265 

-1.5312522280653602  0.319840251237374    1.058897838230557   
-1.7088328044594112  0.6744024674392495   0.9239275568166423  
-1.5143732956595097  0.8202042999205457   0.9293074581201816  

0.04012986991848022  1.1021724563128736   -0.5385456221588394 
0.06353064568596878  1.3084369706577978   -0.2943009101166272 
0.23425477166606984  1.2134924956755948   -0.641964315770488  

1.0658740561622624   -0.5151079299904069  -1.6807090553905804 
0.7533904047572141   -0.15823414657905577 -1.9394875193526786 
0.5826921609510487   -0.4566951053903653  -1.436758506894114  

-1.1487670224331585  -0.35956167431428887 -0.2503091314266779 
-1.2495846301894682  -0.35003644793345234 0.24385487071126488 
-0.9239631467094969  -0.35155234698854265 0.19203997135555118 

1.8257581932019975   0.9590579770328538   0.8182889062286588  
1.6899808694055907   1.2612940950575378   0.572526356921906   
1.8974369512224663   0.988256937103527    0.5110129144443728  

1.110411346421646    0.5215301516653883   -0.27235835705400246
1.3610623800420698   0.3132833262321382   -0.20450672912444123
1.194442427719153    0.7729741212763387   -0.18229072072996105

1.2994377436952873   -0.8481699725951013  0.6736321086563054  
1.1807800554801489   -0.9191950594452041  0.9993811481446248  
0.9896744748411266   -1.1377952005470342  1.1081868994893318  

0.09633221549891052  0.238494784963301    1.2617348109621944  
0.3077947483451188   -0.0680787007867672  1.2462543058573023  
0.16162049528985556  0.2524089945959693   1.654173525593687   

-0.5189539187383214  -0.1762410955529649  0.6855321411563763  
-0.06699873424333658 -0.08596483547819811 0.3589707282998558  
-0.0951001182847398  -0.26397606752302993 0.76224714663629    

0.5097631200192139   -0.634119291125909   0.10771957466789361 
0.4761310923120641   -0.7002296258890527  0.1400047948571413  
0.8300538469941801   -0.5780976328898892  -0.13441844136988268

1.7758565033341687   -1.2968149121359653  0.053183567832544354
1.8011896403367496   -1.1250255503381483  0.23404996199806918 
1.755582705718922    -1.2405342871759055  0.22749152767788727 

-1.052576999997985   -0.12608630507529625 -0.3051314626622787 
-0.9030736873989049  -0.2195380943524968  -0.49336155759628975
-1.0812271938999896  0.2319447199128275   -0.04258067705679158

0.5395296714373836   1.5688626941400827   1.7065920788487114  
0.28207334301688314  1.50902833905491     1.9357245134104373  
0.16372179999127376  1.3715762507204068   1.981274622204484   

-0.7995029975217859  0.47559643891538456  -1.0722627331171783 
-1.1213096791511339  0.30144920461613955  -1.1387814317377662 
-0.7965376124500287  0.03516625005029045  -0.8186817243411877 

1.6994460507160716   1.3394418773047079   0.40062276474718306 
1.3304932883058371   1.4200541951986452   0.0020504845026028673
1.3993692793804184   1.268140393301679    0.2541865748475677  

0.3151242221052713   -1.3984496078035162  -1.9401719800151047 
0.3756256213214694   -0.9066405948444847  -1.6931241335247122 
0.02403029059525369  -1.0693361014626033  -1.8706234932991064 

-0.2817150475976141  -1.1632165365074163  1.4475643909217155  
-0.2186273946606368  -0.9357116794709937  1.4727210784345848  
-0.30696099886035616 -1.1214038559202488  1.5458315401320721  

-1.35881563848017    -1.2839033968807199  -1.5206945204118048 
-1.471763319908867   -1.6431764337015005  -1.4628753626113031 
-1.410851839282851   -1.5853514863926814  -1.7094684756535758 

1.4445798621827888   1.3864797865147431   0.21233565909266552 
1.723662373036928    1.0118094564919138   0.4476383376857643  
1.5845271657972302   1.0161257768779501   0.3091537062564546  

-1.0145487641593882  -0.5621067087128502  1.6991255635940157  
-1.0090601412812616  -0.3983387036834807  1.7023957859961463  
-0.8022505384094671  -0.3379395306712616  1.1608632338287976  

1.4151815102570482   -1.3032159172006448  -0.8973651432883574 
1.4255265745395187   -1.066367723839917   -1.1942308775878758 
1.3982108892216525   -1.1944844383019144  -1.2023940763960674 

-1.0463170092434355  1.9132358805657248   -0.9338263307580859 
-0.7579346551035224  1.6857172940607643   -1.4176764691443    
-0.8623558471880426  1.6208001913586512   -0.8890950672853319 

-1.817637567189684   -0.8604066939696191  -0.3950185698094746 
-1.528645780513529   -1.1161517083347507  -0.08223805889479918
-1.9868377803653872  -0.7236227621988955  -0.34713418793000284

-0.06558731375084759 -1.0130262878158427  0.23847260548059812 
-0.08098658415190224 -1.0498127472446903  0.26229643517735013 
-0.11800533259692725 -1.3467562182957145  0.27046988319055043 

0.8528725795151522   -1.0764347587472587  -0.05340378304045068
0.6978274282531958   -0.8949498908983313  -0.09734783611284076
0.7992031543436181   -1.2399632165218255  -0.34771347737976227

-0.5235654929934321  0.5026734720160778   -1.037385039571876  
-0.41802456831851503 0.07729754252457488  -1.1882789024295277 
-0.5586910758539251  0.48709401223363746  -1.2868067233809082 

-0.24024178782615982 1.727902292106838    -0.20642663392969873
-0.19942469935170393 1.7949296403508672   0.20764458935452085 
0.03195272579677516  1.6144542503836903   0.15342157882061164 

-1.353022052107328   1.3852969962015163   1.4234814999385939  
-1.4221854975221406  1.5929832448495187   1.2063063016089417  
-1.142265155020238   1.4457726494595229   1.1434104268295195  

0.35876630604090776  -1.356752247876449   -1.0169939272162418 
0.4295613517947452   -1.1414923305504914  -1.1538873449982154 
0.0696452404748216   -1.2601720630230908  -0.9120171855619011 

0.28169882310989     0.2494933889327      1.2602213973611252  
0.45782284102863674  -0.03952999032216059 1.653158111025794   
0.47845320858160456  -0.16799017828316848 1.3337186535033436  

-1.6580079901673939  1.7825785213929075   0.9984984691719133  
-1.8903224052106828  1.6100860976653004   1.0767820743402865  
-1.6618800768364463  1.9274974479923377   0.8146125531090638  

1.1547914197215499   1.7779673626068702   1.7851877524060256  
1.2627910159246976   1.8497346462525925   1.8667657287443264  
1.6801861145637247   1.7386507339710024   1.4815581471969252  

0.1893671121963646   -0.45834898429273235 1.0746877598720683  
0.12292425201695267  -0.7864048777078831  1.4063279121782521  
-0.11118244316909781 -0.7841758269182175  1.1682814918429598  

0.7606193359584579   1.0178097684414582   1.0789093056942685  
0.3808328299692952   0.9111645330042883   0.8454919654134567  
0.672401928296467    1.163816250337158    0.6871125095806894  

-1.1295729229971236  -0.0626994464781101  -1.7109595793926902 
-1.084625313738675   -0.5141629770847354  -1.6902194600960707 
-1.329784944052434   -0.05529526934298312 -1.6832646521784567 

0.32921680512304086  -0.3387642024804939  1.6825658367305771  
0.5062068556893107   -0.4955369685024269  1.2814777441213687  
0.21641240871676415  -0.6260003741047127  1.6001768338479971  

0.6999678535865616   -0.765795722052462   1.4777814657433597  
0.8677664489029342   -0.9128905044015695  1.3924443513825704  
1.005489131687567    -0.8851847944007507  1.5240447058515105  

0.28454059021024136  -1.0502943634964619  -0.8321001912667512 
0.11551886965307517  -1.1389073195979178  -1.0431596027465326 
0.008485851307224457 -0.9617262092121602  -0.7734891866118798 

1.5014661048709215   1.261081418209602    -0.19442418776053166
1.605380853437899    1.5368180014597606   0.19978687176240711 
1.1615088424229516   1.382686924256493    0.11872240112863952 

1.3862871228981468   -1.5488768414078984  -0.1468800733593045 
1.5077234476505894   -1.6037841542174538  -0.20175865702511664
1.3073984329464388   -1.521214077103654   -0.268534505511566  

1.1762717647718228   -0.9259754377882731  -1.429493805240006  
1.218554887105497    -0.6316994694708263  -1.7736984951291013 
1.7095967007685637   -0.6573610219917763  -1.9861780231368618 

0.6694432446331502   1.10075892991228     0.8585745004760436  
0.6046264332988933   0.8907189643560192   0.8274708555712007  
0.7677916602004466   1.0430327380868136   1.0714890459002238  

-0.48671898915215883 1.3965719082834631   -0.08037540260264009
-0.46281537792344346 1.4412990630345097   -0.04820889869415945
-0.5937505987139445  1.512762553037121    -0.52222843550397   

1.060574276987356    -1.4937717640765857  -1.1993502613741682 
0.6548261245364829   -1.946209392217523   -1.2454136978573347 
0.8748654292796226   -1.7627590345035538  -1.1599975985321889 

1.1111607312448095   -0.14692043446308212 1.3564898308775066  
1.386371807286714    -0.16152114018174737 1.2344966616546929  
0.8780336525721224   0.10378661541224193  1.1512238421202534  

0.8128048049802965   1.3600171849898337   0.16651433002960872 
0.5973145507345643   1.4693662811967778   0.36518445859178006 
0.7513669063582832   1.708475859076621    0.18830741128976108 

-1.4102755160593712  -1.5600693184075611  -1.0564745922948822 
-1.168212554599196   -1.8145835091021008  -0.8572146728907983 
-1.3762521966946752  -1.9108175674924903  -0.9286156949729462 

-1.3903365645368941  1.4401548891539806   -1.2283516965390926 
-1.2767612211583985  1.44211868744676     -0.8713265286898471 
-1.5004924239990771  1.4635308208501798   -1.1423865757155234 

0.7296129200902721   1.9608186441225979   1.4236107692436786  
0.8469217197733948   1.914064679957585    1.3780629831426827  
0.47803270722507624  1.6321160516048585   1.0200149566309669  

-1.9259899161147667  -1.437562065977219   1.5229023739830372  
-1.5926497875556782  -1.4917747211848305  1.275139793008404   
-1.6937082502721403  -1.6409348189544424  1.636923639840728   

-1.579860748071577   0.8568500102131118   0.10549964844544335 
-1.9821291165111972  0.6510997829811224   0.2722633302523906  
-1.4452822719019847  0.575860991783086    0.06674547863722513 

-1.4594137623307408  0.9812302753286952   -1.8806669727195264 
-1.929423019326153   0.6568723391346066   -1.968538627770859  
-1.881714089729294   1.1328036679112836   -1.5091093002267517 

-0.28990146158744823 -0.6085644954973094  0.47739682145473344 
-0.6105985726773419  -0.34896662807159695 0.6751438819177311  
-0.6097009328229659  -0.46169314434070463 0.6933800018518979  

-0.7190318584282025  0.7044475565112478   -0.7798059145578    
-0.7348921301032034  0.814675049506203    -0.8214028889220713 
-0.7349657284307839  0.417800852625864    -0.8740970259893885 

1.369958147001158    -1.0187334765489702  -0.5623136001143924 
1.4963434123943606   -1.3201547026300995  -0.5129749032522748 
1.581681496410317    -0.8669262844983949  -0.3914023077139236 

-1.1127638704927159  1.475898887594315    0.4563530297443281  
-0.8648196616606252  1.9873106152917959   0.06917666270277584 
-0.9920551547346953  1.8523046874523095   0.31827511629336336 

-0.5856181692124629  1.5387589078788508   1.553837623820195   
-0.5617768111537961  1.5358184947162559   1.692084820727711   
-0.7891698001597145  1.278538693059303    1.6983575713474672  

0.7390696949419039   -0.40152714295138414 0.2578468231036099  
0.6983663428603007   -0.029618175664207547 0.32320498346573406 
0.7580120823904652   -0.3103885886478867  0.4351428473862533  

-1.7173302550824796  -1.2471453004645074  -0.5919333526346608 
-1.9072523144808562  -1.4288853697844206  -0.5429838118587891 
-1.7686448940110084  -1.4502674438943592  -0.7586329815199009 

0.0742735676103089   1.8121645634099257   1.348263150035231   
-0.20508871086412248 1.5172862535883915   1.5696988728026309  
0.11948619673286626  1.966716265588268    1.485965845841495   

-1.9922643967543665  1.0828397673386787   0.9315642744686099  
-1.8383365693553098  1.2116452555147763   0.8660410563084104  
-1.9826044627258272  1.04800361459078     0.7803653180145499  

1.8742974256975102   0.1400545522969307   -1.1389038047810036 
1.7921097476076615   0.23022625112585504  -0.6236352584899301 
1.4733935957264337   0.1967144584000317   -0.8755649887192772 

1.3504922099835452   1.769184185545375    -0.4904000220772226 
0.8580151248773358   1.9655826793497222   -0.1005520950095623 
1.1194699371957246   1.4889913793912002   -0.1961311780412558 

-1.4386689811710274  -1.0035639215183736  -0.8183824146081639 
-1.8018582161994996  -0.9913449753697088  -0.8506211870573139 
-1.8322913585532112  -1.2773760095743887  -0.8080827336896848 

-1.2943268172451095  0.5823176388631877   0.4207393006128971  
-1.4327383563661868  0.7066681409871067   0.4338918919251131  
-1.392166124032886   0.8038189942560179   0.7069912986727089  

0.9316580023109964   1.9787052202573294   -1.5730277456517523 
1.0776503777816895   1.7503287093632136   -1.6384343356092204 
1.2389295060298022   1.56520322153253     -1.5870758746625306 

0.6721677092643601   0.28105403705984167  -0.7292244656740874 
0.7356668724155339   -0.03763719199371826 -1.0923426544957835 
0.7213208471219005   0.22046014039820627  -0.6881834845969104 

0.08393907472468193  0.07768259228545421  -0.6227824407200098 
-0.003145030803773652 0.2307798692467075   -0.8389148177032737 
-0.1523884131791389  0.48620560214518643  -0.9009810597115869 

0.813818130063028    -1.7618465967278678  -0.6378284826723931 
0.7801413794697246   -1.9911310038721408  -0.5801254340774867 
0.8084705968923772   -1.6288126441196706  -0.768067661667656  

-1.5641336210849082  0.6896338861921977   1.3177146994196527  
-1.9917852360740442  0.6693204186821459   1.6038492201963621  
-1.8317530505059454  0.6052731664264959   1.5274144355135886  

1.5126093837956502   -0.17059665542267544 -1.3554861422243598 
1.9056175729125147   -0.2953386755721872  -1.3872848923383407 
1.535376019592574    -0.39234470924992515 -1.4966433057944517 

-1.2367437673481396  -1.7314357775075675  1.2086516223808035  
-1.6878137630715766  -1.9416162446402858  1.4555774639387016  
-1.483628810453712   -1.5154572876956163  1.595352936765672   

0.8919879547845364   -0.846530861961971   1.4286696441677673  
0.6075171428854076   -0.456895636819867   1.4599177604620837  
0.9887748851740403   -0.4484067406624622  1.5015276870206642  

-1.6396747142287564  -1.2304785189504743  0.06954807073770647 
-1.6301080829093437  -1.6900839750426457  -0.14044734696696962
-1.7086361986359055  -1.701878543924326   -0.23233023942116837

1.1284180339038616   -1.0479604087751895  0.43345280723583074 
1.239756089986708    -1.3660814669268497  0.6197444950349928  
0.9464770633148056   -1.2035404076584422  0.8113484391205379  

0.3532650091219087   0.2496738910817714   -1.426961017139695  
0.29385249408289227  -0.10869776027235226 -1.3700828345923521 
0.410201681660144    0.08573852411117278  -1.6692017674883002 

-0.35332241959151656 -0.033186195757234915 -0.1450370036636007 
-0.5752703151451353  0.0937328655316822   -0.04232027771414679
-0.4725425886295581  -0.2246422032000138  0.2616636957954872  

0.18640586823861943  -1.562334412211521   0.6910323026702219  
0.1775664959877864   -1.4565515648639493  0.5647468584673746  
-0.2262559873223628  -1.5381463952796313  0.8363896458068183  

-0.45747915306998255 0.347987430590054    -1.3302647992226282 
-0.4634255143599547  0.4784100136543145   -1.4492320123030535 
-0.013312839618941807 0.45799976437812634  -1.637962882021495  

1.9728689140202085   -1.653744046854359   -1.481708293418387  
1.8718862139735553   -1.4388476149227227  -1.6326629836250608 
1.89330429815724     -1.6851899321283712  -1.5638404697081705 

-0.16984992155986278 1.8848967279275255   0.22978755250912397 
-0.3005406174597327  1.4814365289081879   0.02644740210468821 
-0.5690498681662433  1.7788894099189247   -0.2086165429653688 

-1.2922946765083445  -0.8741958941323662  -0.9541040535211232 
-1.1504063490293768  -0.990479495911204   -1.2934675199201862 
-1.2956707349825085  -0.5814985781262129  -0.9885983978529413 

1.5295578041020754   -0.38101393767762476 -0.05430992120419087
1.4976141787335473   -0.3245802757475176  -0.5150614661567345 
1.6489040796571774   -0.3506033086717746  -0.025782536293259994

-0.36843291250091725 1.6463576018030108   -1.5856717249031735 
-0.4381576564818025  1.8589528103652748   -1.708244176230236  
-0.2836907528651525  1.6753132014601826   -1.3035676586978466 

-1.373148598132149   -0.022827832963259354 -0.448721690560338  
-1.2457115868091417  0.20908737030002844  -0.7125362478621146 
-1.2145827991098095  0.09470157025813247  -0.6192856654585842 

-1.5867066631656803  -0.7206258291555151  1.481011290277842   
-1.2241193612868289  -0.7598221950135797  1.2054995382749156  
-1.3598666959838892  -0.34047672096254533 1.1859384487687978  

-0.9711977846071106  0.9212728292886381   -1.934833249064317  
-1.3795923354956168  0.8000090282057899   -1.8709215986320642 
-1.3675107879038408  1.1367332783209712   -1.6747189945757157 

-0.9222484060108584  -1.721044232227255   0.8071406957737665  
-0.6275473139224168  -1.9498833749917235  0.7107586132921397  
-0.6279064702506958  -1.9963350614395297  0.9260259325505424  

0.5610183284680241   0.43728353343214976  1.60660392264733    
0.817588685052616    0.40619195925242174  1.7979242749047106  
0.3734223388318903   0.39327774277917654  1.6194391434898106  

-1.4205391778267873  0.905824457100688    1.6410092663834366  
-1.6023626119714454  1.408457322038814    1.9452084551257296  
-1.6041502634338631  1.0821784293116223   1.887203531872589   

0.7545686790006797   1.0937177277861865   -0.14358749973444715
0.6057705617275786   0.9723886830352773   0.06996780020541882 
0.6178223734408387   0.8723058806777955   -0.24064612042813918

-1.3623062379659723  1.4217193668136805   -1.889424911347094  
-1.4994987688065704  0.971506601856509    -1.8591704452656406 
-1.486755565049464   1.1011081701767509   -1.83887068823783   

0.5970951648359264   0.26220998869736695  -0.8560337950559158 
0.6622791699556091   0.284436438754332    -0.6884159779626557 
0.4494951925298474   0.47438464268666447  -0.7759705030319137 

-0.2411520628394699  1.2746005730266703   0.05557681329917161 
0.10399144812238476  1.2287293487867488   0.536575378698846   
-0.250857373130001   0.9338582485323834   0.28720557352698245 

-0.19024380856390438 0.2392342940459572   -0.12567030427722278
0.008169438660012907 0.24705769760962154  0.1336901943523484  
-0.059418032863660264 0.2810819132073844   -0.14299396209478163

1.3888411291954532   -0.5629625790200317  0.6318373239253621  
1.0486046324541576   -0.44818318158152476 0.8128387279476619  
1.1658191536763336   -0.1553617711375368  0.83612626862209    

0.6767930157285404   0.8269219727500658   -0.9142245351030264 
0.9420349758252834   0.8710421019925216   -0.8289597930043722 
0.8650551547880289   1.046480918308792    -0.7136920808943313 

-1.7263597037619074  0.7925077567105066   1.9321770381298229  
-1.5008050242737796  0.5970706989477064   1.5417925893113875  
-1.7397295344660184  1.0268500771490907   1.6554172604285806  

1.6035356329406403   -0.6464120689085675  -0.13430682805601601
1.4501051189423504   -0.7870179418852323  -0.5183059841600239 
1.3193929921690957   -0.784725817536464   -0.15250067894350278

1.2249843226983161   0.8430189616206214   1.0113434383955497  
1.545106009756409    0.921691933137063    0.8826625811110883  
1.686785374793148    1.0506503890473868   0.8362995974562017  

-0.814873640778387   -1.6203624480131404  -1.9675319421236996 
-0.7698911698228073  -1.5523788344324496  -1.579172797757769  
-0.7705426093647716  -1.7065404941123368  -1.6856258688494772 

-1.395576881835959   -1.5501025872726288  1.4416183479074323  
-1.5335175481748202  -1.150651619997372   1.6317255629791325  
-1.291711253673107   -1.2337790992987454  1.4036470652772843  

-0.13972757493520405 0.9184742535754895   0.1917255960745919  
-0.0023858334283088922 1.0379228864216663   0.16204749014979447 
-0.543130716655466   0.9613811140102255   0.1710957414474562  

0.4672504434823437   -0.1252137654904335  0.012181567159665174
0.7139252568137392   -0.05849825204550785 0.07379414158551739 
0.48219042566449255  -0.33004194328567865 0.061214638466680626

0.9764125347851864   -0.5548824448191738  0.08865637874255045 
1.294940421425913    -0.7310760191662053  0.3474601392815805  
0.9429334839894168   -0.6783440738573077  0.25802677381876    

0.13588551403201404  1.2865423801604514   -1.85313717978998   
-0.0004623846685464228 1.3725309914179902   -1.7768198186857505 
0.23614089897235346  0.8590367637270804   -1.7989809305910285 

0.743350197322618    -0.1097296405746444  0.7882674070052562  
0.7963559450905056   -0.39825298276751625 0.9197692024279847  
1.0117753443795414   -0.47426284606414343 0.9994828521794491  

0.034797788932244056 -1.5953630389095594  -1.1935217952433796 
0.36655654893110934  -1.4798348946757405  -0.9047607834267737 
0.20678590031283342  -1.4404034299890145  -0.9195326677704827 

-1.6027714069174204  -0.9402714534514153  0.6181587515415649  
-1.9882550278633735  -0.929129041636966   1.0405434840971703  
-1.703785885047475   -1.1344227721413938  0.8485379969297762  

0.21425379279867482  -1.5304960146806814  0.6753998446442406  
0.030586748366713157 -1.7010998589988429  0.7588431513345691  
0.47930377142305913  -1.8999747348287015  1.045625993034509   

1.369751155356278    1.371930490233606    1.5900047429759478  
1.0836036839436904   1.5490679502554467   1.8640250086676902  
0.9775198562599585   1.647744403239822    1.5446828399322496  

-1.438236384218596   -1.548826294188308   -1.067002147267327  
-1.8805046335019189  -1.4370558683808912  -0.9232736877943776 
-1.5709702497642029  -1.1965209116531232  -1.1286055722300756 

0.11891570693280751  -0.20594851807091752 -1.2155528445155057 
-0.2833605855703126  -0.195595307395251   -1.199556820609126  
0.1487573206829525   -0.38811275184254784 -1.194846903432307  

-0.5328705077327544  -1.5049131769426798  0.33027070942837405 
-0.2722086440506118  -1.592324352764192   0.5215591687605052  
-0.408429654579882   -1.4296117390104657  0.5467718355514203  

-0.3006826995030679  -1.5793592116025374  0.5657128674301352  
-0.6966030117621274  -1.7997410853126432  0.3688039378021205  
-0.35900958345226647 -1.9783872823578537  0.32150074334052403 

1.6713864179777833   0.06603927054027903  -0.17053657554147883
1.8429148456461388   0.35596257334904385  -0.4194930229576303 
1.7714930447533237   0.21983083750530533  -0.2802136078831993 

0.6346300299413644   -1.97045067471399    1.240885236404736   
0.5220941447917877   -1.9254896486398299  1.4374767822760717  
0.286002063091987    -1.5421213269616088  1.2681154845539455  

1.6899877156413796   -1.7940603343554475  -0.7953543330045622 
1.9227353797590179   -1.461043284951416   -0.3528594076312406 
1.9377049047312471   -1.9603456478522572  -0.6730022780782663 

-0.3101557051257433  -0.4620891975820336  1.5830599183016811  
-0.8063438764849998  -0.013367364423386374 1.6078341124989213  
-0.5844373331048102  -0.2760704757758498  1.3904428924125052  

1.6247012834371461   -0.6541598486323024  -1.1733587894427457 
1.8781272691362738   -0.802209213776856   -1.187604777634439  
1.5406232199186765   -0.6037061361067159  -1.2552024108093005 

-1.886729201969662   -1.3474651572400416  -0.052668726838308366
-1.5962912863365502  -1.2374864661306313  -0.04962105722932661
-1.8860121473172962  -1.4972544228562257  0.04560523467372557 

0.39622928742125224  0.5991258925350995   -0.09978669324122061
0.43086854807115826  1.0504762730756456   -0.24781885394691897
0.337850112188547    1.0123554824656793   -0.08833795227933411

0.7767072048573871   -1.6557205618635067  0.8093043008373922  
0.65098246201269     -1.4191705293343602  0.8069133627229307  
0.7330798774219267   -1.5547838265202705  0.4600496438730889  

1.0903950649452758   -1.576826709096229   -0.3583576756937512 
1.0788368233531882   -1.3266930071890326  -0.04715472724245129
0.7055563268471718   -1.20166918993282    -0.5513443284848258 

-1.7911618547056118  -1.049776442572437   1.68739725256227    
-1.5370935721487222  -0.7487575875251661  1.1861826143625696  
-1.8888216667894986  -1.1219722226191573  1.4683627407595115  

-0.10304325720429741 1.0661948406102624   -1.3141457923939137 
0.08700248599148414  1.0611535847976121   -1.4161231114132056 
-0.018881671237816033 0.9917511935532928   -1.1746503445301686 

-1.3322931984394324  -1.281483453507267   -0.31053729208028835
-0.8595415760544147  -1.2395247111567413  -0.5859476050565973 
-0.9158135624473424  -0.9763522633468683  -0.8231450154356702 

1.5173458277310203   0.8061651824520438   -0.17541052817768238
1.4025170272605973   0.3068849558294785   -0.1297976057431489 
1.6124020929002256   0.5427221577629847   0.07556054216093783 

-0.09983528414712156 1.3779748284032933   -1.2679834290718466 
-0.21543495296402487 1.2397684564443732   -0.9882849544612058 
-0.02049858100377433 1.1445723922248936   -1.3226564241911682 

-0.34298992222299995 -0.4402883142968531  -0.834144928710175  
-0.5503606082215451  -0.310911434978549   -1.107731896930336  
-0.36534655132578275 -0.4854620310974707  -0.8694443862072239 

-1.0279544381565544  -0.0194353825118192  1.295331302072878   
-1.3695314036169068  0.2162826939406891   1.6514856812604868  
-0.9329780228953711  0.25268579227137833  1.552837875544495   

-0.8861602601924392  -1.1980882112930167  -1.1688976276624334 
-0.9049289190256359  -1.2774221835560107  -1.2975285349562702 
-0.8855965436561224  -1.144679630496583   -0.8634786517651736 

0.047674806595163655 0.44687744534963797  1.962235827093651   
-0.2750882685278206  0.7967651518663607   1.606564982515799   
0.08242004103686201  0.608739309065019    1.6379338316291587  

1.3796389665229047   -0.2451478614695612  0.40695662508776304 
1.6587515292098198   -0.47706545876359036 0.36646344124785646 
1.2848694436555015   -0.4971549218362273  0.4870652200137714  

-1.4975243529830387  1.5355143252947299   0.7215575993954186  
-1.627891159546054   1.9492782092633516   1.0458534564527207  
-1.798278297409837   1.537358563686157    0.8728570188975091  

1.2792359200493644   0.8814297957227668   -1.2828479416512502 
1.3689827811514717   0.9156100335836638   -1.5864083090296948 
1.505877334697971    1.1020835563524047   -1.156245303026688  

-1.9280980694784997  -0.16837679103804565 0.6051691958556323  
-1.7847575778258824  0.09128340778317368  0.6823382538329836  
-1.4672957543034386  0.030332460752365287 0.45767530111390076 

-0.4744689262418793  -1.0348678223955752  0.5574508544690828  
-0.4771373613993813  -1.1428551314086175  0.013958613180856339
-0.6229639797657736  -1.3341258086837462  0.02200330481637197 

-0.8072924336129009  0.5416346069334982   1.1703805991332419  
-0.6046084787114767  0.40912804526217544  1.2885485675921051  
-1.0960268757425369  0.3678764700225362   1.5296635025114893  

-1.0152224649487085  -1.9643425611861507  -1.1685485204009909 
-1.3146472000791474  -1.4783458457518428  -1.0104363654805715 
-1.0018368640975783  -1.9466654546383813  -1.352515328483261  

1.5559603334987688   0.37259889227279     -0.20927979619686563
1.21391999594037     0.5665580286474303   -0.14407118998566162
1.6110836524512742   0.2813904303177924   -0.08652271900428937

1.4666489235715376   0.8676843575082702   -1.2576412539498747 
1.6981228551960308   1.0787444580688894   -1.45379879233279   
1.599697376476299    0.6638588289169152   -1.5428205628311384 

1.5126179254712406   -1.7760218911363088  0.9123177116488568  
1.5717487872807046   -1.9453338040324228  1.3901847754997763  
1.590291433956534    -1.9472720979466422  1.174198247156307   

-1.8191409328663264  1.3039447194740534   0.251359144284545   
-1.6019404499733523  1.36172068384794     -0.2568827261419667 
-1.8838876267928322  1.3778542599286692   0.0775750083857451  

1.389320971693772    -1.4024805392804034  -1.912834726653428  
1.2513289111604073   -1.2522651643426308  -1.7326698559205833 
1.1824580195813486   -0.9262296831810203  -1.8990895484004287 

-0.16162303864918284 0.2623954532893793   0.2520947691013937  
-0.029435357586003352 0.3467037361881951   -0.248252259176064  
-0.0048196238358030885 0.3908457266120868   0.18748523265588318 

1.4796617294996806   1.1161898360692026   -1.3030850367981817 
1.951746347071682    0.9913397260026829   -1.566304904730229  
1.6011458843543787   1.2835458480674133   -1.1607763364975288 

0.3083462273426223   -0.7937624259589675  1.2080179916887195  
0.7159686244436853   -0.33125336788564863 1.2194828424417614  
0.35694102312562287  -0.5984627136574685  1.0667793146610363  

-1.3329779402113386  0.7935551680412557   -0.6913450023023527 
-1.3237127792914958  0.6461272703123333   -0.7088867779042912 
-1.0719101436970742  0.631221879505134    -0.6279457501070382 

-1.142446969102127   0.5536649559859205   -0.6759362443452901 
-1.1230853253822288  0.3838506693001982   -1.0262291432736663 
-1.2285754397657247  0.36683378099583297  -0.8483006563225497 

-0.3318809416587747  -1.3346078937989154  1.3362027972675825  
-0.394775533149632   -1.5895869681128265  1.6951105048791164  
-0.7222658198917262  -1.68919396170857    1.562698069581463   

0.5415804198528207   -0.7216223663815035  -1.6135284934307343 
0.09079887233863115  -0.46202656641643014 -1.1618359704835284 
0.46096444972414946  -0.6372842208522234  -1.2900383488274278 

1.5445945037896451   -0.3295649382629613  -1.052461925022505  
1.1959731671929117   -0.3196562817809565  -0.6679744449006118 
1.450882434749145    -0.6439826323092113  -0.8286210524913724 

1.690213451399269    -0.24187429552928608 1.0768741511861122  
1.889756758204699    -0.09352886968839608 1.1594151452557915  
1.4664279603548844   -0.2174504012856889  0.9442719570672732  

-1.9726580799899804  0.506832298698887    -0.975839877421084  
-1.8154652310994177  0.4607415385113718   -0.5931710465674688 
-1.454999848454848   0.48335724656624135  -0.8327301177899632 

0.28078950297269284  0.7959623364008457   0.7904166630408834  
0.28000795077622886  0.7440186707628238   1.0474444532541005  
0.5128063989548677   0.8229225125717698   0.7044091216922104  

0.3470997268271095   -1.1012649878941991  -1.1975853513241275 
0.36117587091314207  -0.8757935321443371  -1.1011711492076364 
0.31763888563324566  -1.1348964855249704  -0.9081538976467611 

1.2618279876355212   -0.31640853840925043 -1.6970164334402702 
0.9509187712112825   -0.4209920948144908  -1.209194599811698  
1.3813110709606549   -0.7119674038287251  -1.355582713666184  

0.006247482495178647 -0.6754071918363956  1.6236083734978024  
0.25966375829461563  -0.6624087274039437  1.9605545288145023  
0.05401421537927936  -0.6920626662738483  1.6147968418733378  

-1.631440914237305   1.7688251885027604   -0.47311177842798485
-1.705237035113463   1.6620419124573802   -0.5033175760377258 
-1.590841249879761   1.9753246628355725   -0.45934126806088543

1.2554515923563123   -0.33580856952921156 1.0435420644592557  
0.9887380218399123   -0.4047620592634952  0.8322954864923727  
1.125804966625891    -0.7335438400923213  0.6598532541859352  

1.3186649129911312   -0.7178633233048786  1.254789167756825   
1.42067282532683     -0.7724637090210144  0.9124882936835457  
0.9174614969088334   -0.9042450142329     1.137284082670083   

-0.20022265420728033 -0.27431420771343096 1.797049385457846   
-0.15944288081530086 -0.02763664450392589 1.4458179332185657  
-0.059163143479314007 -0.3580864730267742  1.5684029065077665  

-0.41849687553494774 0.3198747441928793   -1.7360588976363518 
-0.1718109125947005  0.4552172471842838   -1.444617797134979  
-0.24113709350412293 0.6851255098923443   -1.5095522353989852 

1.4974658112475983   0.7729795948792945   0.5516449039156325  
1.5836048681236794   0.9880372753024064   0.0907300689178164  
1.1453732544569613   0.709303444469506    0.1854997082093298  

0.4971971966618919   1.3816281691130958   -1.409766607132784  
0.7726390205100789   1.458968668909646    -1.4146173487454639 
0.693308804173872    1.2462189285597987   -1.427399916724994  

-0.5710608774071307  -1.64780970367089    0.8997561665671865  
-0.7457517905608528  -1.5216194554030336  0.9464910574052132  
-0.8554141363056578  -1.825757046849297   1.385527867332121   

0.7249405057738191   -1.8040562554110464  -1.15509379371434   
1.05961828549562     -1.6481466453334925  -1.1858248007664405 
0.9141361306934546   -1.5319563641953418  -1.370096516738598  

-0.9305665708436113  -0.29859709485946984 -0.22960395727592328
-0.8203629877058147  -0.32955598653278884 0.11128971712841895 
-0.5947877553751381  -0.3441460998272211  -0.2048630519846948 

0.9476293255522408   1.249594043445656    1.8812750569180714  
1.1266864024894343   1.3342817787507035   1.9242613870446266  
1.1512647221241696   1.1480416147589625   1.8450721583949745  

-0.039319143647799315 -1.142941949238184   0.9357371183707501  
-0.19761859901840845 -1.2376102721911066  0.9681895190033217  
-0.28050260902611346 -1.1549128576297045  0.9068951491368169  

1.453832858642855    1.3460643964596333   -1.825199066257644  
1.8219787752835284   1.1667517635601645   -1.7596845219074824 
1.5881701393576855   1.1872720576716358   -1.6480099241699753 

1.0934927084138775   -1.0320967415191222  0.6532688772907271  
1.3207380240386926   -1.0079186411736374  0.3600160237588308  
0.9851309206248112   -1.3170070328614516  0.6783284909590725  

-0.24908670485561796 0.9779929392100872   1.143625841709352   
-0.17540231587575583 1.0305676814640117   1.276827190716467   
-0.4664089046163365  1.2498059615551727   1.0845212158742445  

-1.6846172426750026  1.0137169209792738   -1.7010176758687554 
-1.6320245788905345  1.3875042873517132   -1.8150701829695568 
-1.3170593020130168  0.8728587703464292   -1.8558453140265043 

0.7553686509236256   0.8314193767714401   -0.180023734274533  
1.1073894834731155   0.5804994786142854   0.030400959920142356
0.6486323692811558   0.8953325897420146   -0.10867459452425365

0.5220031182039134   -1.5747309431772212  -0.36110763156121906
0.01205498679140743  -1.952861352008143   -0.5694499887222357 
0.35637241723866686  -1.4364585626317612  -0.6262746626554192 

-1.5163919556897696  0.4447755589503722   -1.2187034440133653 
-1.4956486569926677  0.37241174383685793  -1.6882686448174231 
-1.2905738207623032  0.013355974841932683 -1.3152376063242621 

1.7084575699172386   -1.443713208385785   0.005752446354887308
1.6838285301090097   -1.3081988931017634  0.32309193764046196 
1.7404774783378645   -1.435052886105425   0.3591502448542501  

-1.6698387861420843  -0.5695630484830082  1.3985014250954388  
-1.7900506232196585  -0.17991793207989865 1.3582424320013082  
-1.535937196152485   -0.5527419659521262  1.6463056745196456  

0.3027485456763967   -1.0401678014167648  -1.8666914390421105 
0.04014519226474672  -0.7726708283938684  -1.566166159933422  
0.34780095054389243  -1.1193581953087257  -1.6428782089051193 

-0.6994256970954877  -0.21771004399587096 -0.05288868512634132
-0.8239865483616848  -0.21245199288074368 -0.060859344845214186
-1.130885277208192   -0.12778307071805753 -0.17454046719469712

-1.4203772402711161  -0.39079560063584945 -0.20241744713494064
-1.203991472000618   -0.2397424619252979  -0.07315444626489004
-0.8788555251475938  -0.08910313620611132 0.13672293517335932 

-1.8240144691291396  0.550818313232291    1.7699528871505805  
-1.67887896915561    0.7646378228473778   1.5283293773062028  
-1.949823477392308   0.5486971714656266   1.8297771638572258  

1.3586130685260158   -1.485108873507357   -1.3090868327713256 
1.1900994079835294   -1.341998543947005   -1.3362745635649118 
1.3671984788615874   -1.358095448095092   -1.6981441196782405 

0.10616893834411384  0.2664375985005578   -1.4837721527874796 
0.28254509207632805  -0.1723480136858407  -1.1479652209240654 
-0.05210484088541867 0.09875982774326919  -1.4802906919912668 

-1.8305831978956706  -0.3538232186175165  1.351343323244516   
-1.4435601768557573  -0.30943544011300256 1.0807150065737696  
-1.899347010196077   -0.13417475572824644 1.176127989364515   

-1.4496118373605054  -0.36098118893749725 -0.5535928323505357 
-1.2579343670522918  -0.36700230565655395 -0.5977713562029343 
-1.680333392795541   -0.312011463976245   -0.5530408804041197 

1.21212797625849     -0.9824956184831642  0.7530239473223577  
1.2249758613330386   -0.7299383709158405  0.6338119138273194  
1.3499030907995764   -0.9663125949403946  0.7434922070127188  

1.885031097414609    0.7017613564367862   0.5000164113864608  
1.4803130225193433   1.0230900819470763   0.1166520887413488  
1.5541746130936167   0.8672810520165268   0.15533203338864546 

1.4276160062562524   0.621977103643559    1.4647233624552944  
1.566036669704944    0.5971186850701111   1.7821789099234888  
1.2643380768007773   0.30540761629184676  1.4765451449660907  

1.5364973322493278   -0.2640650475647783  -1.5711309547791859 
1.6206420979135774   -0.15929020929989754 -1.167262308043091  
1.2905942360329126   -0.12140751472793224 -1.1821843771103453 

-1.5653764568975064  -1.7109239425098757  0.48638746869280053 
-1.9062033641538139  -1.7447393781169398  0.7557524612834623  
-1.6622645892644277  -1.7510741413277016  0.672304591459659   

-0.19290248794630815 1.032194247021167    -0.701217639656371  
-0.1805165895954386  0.8735393190322351   -0.7605177683229307 
-0.22160856135614654 1.3168102284437844   -0.29162768066103906

0.06529464543405977  0.4427062114530923   1.170725309444459   
0.24022871869599338  0.38719512575322623  1.3666986377753072  
0.23991805927298437  0.5176027130453108   1.427595808567668   

0.19910528103649122  -1.423372280183928   0.5638142636307959  
0.17934924495853694  -1.344960034613381   0.3419615094745388  
-0.14748158060383215 -1.3972641424865944  0.07315263262896698 

-1.5138167511204617  -0.905835490283954   -0.7064223549364084 
-1.6346104803286625  -1.3741720504999724  -0.8379957027832261 
-1.4446598251248859  -1.1320681314960592  -0.9686843438554769 

-0.8305887407569283  -1.0049777163431797  -1.9955444080574374 
-0.6432282753931597  -1.094310603704154   -1.7487620186804116 
-0.3192289236926864  -0.9385765444662701  -1.522857907722119  

0.655661717203238    1.6159675032201144   0.006341279121293397
0.5420070683576816   1.7820202338313258   0.10355516477737853 
0.5208949499513829   1.7690026327461041   0.5462103426905386  

0.4289012001266941   -0.13869764935876394 -1.7988252134811133 
0.7855214252952335   -0.21221564334386955 -1.49776766670435   
0.7890211456062076   -0.18085025087180723 -1.5660092696530332 

0.10115558116020357  -1.3593910356688053  0.40706580508752516 
-0.17295170305934868 -1.5620920768860194  0.10319542185004099 
-0.07879466485537412 -1.452350102113429   0.5709267714594602  

-0.47540835510705215 -0.9517332386723018  -1.0393348324986664 
-0.6948722597793989  -1.2562270960129425  -0.9738953641204301 
-0.7438887124903092  -0.9038879841302331  -0.923628820978168  

0.6441767444597485   -0.9666024982250048  -0.7283286907529781 
0.812221766340304    -1.048393913975368   -0.8279801489583506 
0.5736941694808244   -0.9666453517201362  -0.8295729229790663 

-0.42246976667313507 -1.1017768589536157  -1.205423479304777  
-0.5101721270406888  -1.2460648137429675  -1.044520318288486  
-0.3008830192615915  -1.2151293696909407  -1.2429208716773181 

-0.5807518790878067  0.807869329001768    1.0191270952004334  
-0.8821558973760866  0.6826818294951406   1.0323516018174124  
-0.6751894666226141  0.6875599606495906   1.0153321396581605  

-1.1586610521194143  -0.7936210241709172  -1.2323819038546526 
-1.27429724043732    -0.5009617084442841  -0.9957853985016554 
-1.5090863785466393  -0.7399877790251508  -1.1148080502027895 

-1.0956499690538002  1.2715089372633879   0.6649729062115597  
-0.591863556815701   1.6441934751660836   0.6784266177571101  
-0.745736996551535   1.2831750393442376   0.33019539774927165 

1.7936912721145686   0.0009081229278516956 0.279392196035796   
1.6487262293465421   0.5385232799204202   0.1663614446278851  
1.655667582009484    0.17905541423933052  -0.13012776263793546

0.6144441473569089   0.1714445604424225   -1.6284863638202662 
0.5665439583830317   0.5528530622694787   -1.6796259820025314 
0.5826311997291694   0.3078756950605966   -1.692932451843607  

-1.7527488161618578  1.1604809603845896   1.7274031784849082  
-1.4344587752407696  1.402435930714627    1.7780094717858257  
-1.783621232793961   1.6144264194758415   1.7474499712754619  

-0.017768917906816117 1.4015608830510042   1.241645097788524   
0.22416133438517216  1.58246290926928     1.5221462934207493  
0.03277618870811699  1.5523679399378199   1.1887006394320043  

-0.1845518324110399  1.994973075170392    -0.2138862715777372 
-0.529854379261804   1.7732540774643113   -0.007256638023262374
-0.4256242736012563  1.8718275795228967   -0.3656311309731356 

1.5751041666683787   -0.9121418022599084  -1.2416044118804388 
1.4692399492296466   -1.0651314119026303  -1.3570606506511913 
1.6318886529528742   -1.3817710109961336  -1.2720488526187523 

0.9705233342673203   1.1423748179479687   -1.172790121033676  
0.5777677810787578   1.0106988911249433   -1.5001959799052127 
0.9044748589946583   1.2754615542163243   -1.6238211125138147 

-0.5888986979371966  -0.1984681154637108  -0.3430266096580613 
-1.106436084441819   -0.518479744271022   -0.4967419413215197 
-0.6401820847808681  -0.19210721588595797 -0.7600025576483246 

-0.6898328593734009  -1.4461400123583186  -1.5936410200394295 
-1.0606874731964848  -1.6162884836331906  -1.7199565051378671 
-0.8172351021425718  -1.7707479497136398  -1.6786018782816097 

0.5061093791258913   0.09986669799527315  -0.396725993366411  
0.762345070404575    0.10735353513895396  -0.5076309212873684 
0.6913568206220844   -0.048371594578260846 -0.44357841633629247

1.2981764158175806   1.6349412985204703   -0.6295453888413537 
1.3059817841585857   1.5828535910708112   -0.7557170509418503 
1.6576819229956226   1.6266205863212495   -0.6553519003380315 

-0.3792843766570209  1.9753309538899555   0.5840959254215954  
-0.4916835965287126  1.6327836604802333   0.7097542202421445  
-0.3141778353575123  1.7802181767622296   0.3538112521660654  

-0.6958509744459731  1.8642753583270946   0.36759182310959654 
-0.8203646063568809  1.8332863336393648   0.7594618339505942  
-0.3529716296232759  1.725616913825378    0.3705957125168142  

-0.823371402242813   0.20911187030938003  0.6434523448069047  
-0.944183497063083   0.16415960584953027  0.3808968032786685  
-0.5929283532875215  0.35649268977452225  0.76066544593878    

-1.207698170593617   0.7441424405378733   -0.9317725514052704 
-1.1682450043064074  0.810938897423368    -0.9646820671681742 
-1.194286386040102   1.1263737227078954   -1.0386202601460899 

-1.273602978944741   -0.17658119750717505 -1.7449075115478896 
-1.0401793449858718  -0.2934735983436853  -1.738990145829992  
-0.9564814337897354  -0.5499942437291186  -1.5350203413891528 

1.839293445732427    -1.1625426425716427  0.02541608461502981 
1.778649310391755    -0.9709131674621875  0.24227148499018825 
1.866177198021268    -1.2009776861294967  0.32571060355721654 

1.1821780038631626   -0.8803090808045974  0.5371508679832893  
1.2596914419791339   -0.9506199780185112  0.37720073648922764 
1.296063803128876    -1.3815134582786461  0.34649733194028476 

1.2214944273867483   0.9830286974109721   -1.606341327842629  
1.4715561416628624   0.7036764656689553   -1.514919261453311  
1.6778068729948548   0.8599194557313738   -1.5447190523609862 

1.3083304931235826   -0.44415362366519473 -1.5073662263811016 
1.3402705625818516   -0.5449202405800705  -1.6536358921358232 
0.8867280119461521   -0.30437969012437527 -1.5153550539815364 

0.382228708775327    1.214005291781519    -0.5561845277488704 
0.2924206394262787   1.1730486644097606   -0.5236420171047607 
0.46099642986310074  1.034566408465807    -0.6451335029894725 

0.203061143810983    0.8089020180320706   -0.9158015859257569 
-0.1855371883146293  0.9228971780005226   -0.6968196770412469 
0.08405291815050431  0.6797785880647103   -0.5923748018237107 

-0.5026235678229883  -1.5910958803635304  -0.4989795136882993 
-0.8112890271764741  -1.6791627184969307  -0.6047842983405912 
-0.3851070726687724  -1.9454910992017034  -0.7878395108299985 

-1.441570989677473   -1.306703866309547   -0.9343737852897266 
-1.548453018662357   -1.1372729121341565  -0.9243481613969354 
-1.4544800847708734  -0.945194513520071   -1.2110268469832435 

-0.3965529128690033  0.9296123120896116   -1.8745376620327563 
-0.5193682957062563  1.115604614324559    -1.667026743955509  
-0.5337767138518628  0.8556522685367692   -1.8450916502155073 

0.8171775670944952   0.32916194371164786  0.14247373767300062 
0.5287792943293156   0.31330708636055876  0.5193314176778736  
0.49141096113561333  0.799056405164127    0.2520227065550542  

-0.09821739761924642 -1.1638433227120597  -0.15575629874737057
-0.23962121933963287 -1.2716325543020304  -0.5540519006092772 
-0.07591906268022772 -1.2876685422441572  -0.4187390618441599 

-0.2323820329999538  -0.6195627442526199  -0.576116403424327  
-0.09080934079986402 -0.6222200965506612  -0.297837598268185  
-0.2645695115934466  -0.7631080308789062  -0.586467125420542  

-0.04972595890908482 -1.827988429070325   -1.259879327961217  
-0.14870340918175773 -1.9303798297849268  -1.037280278692383  
-0.031805167591656525 -1.4792117281028574  -1.0966559826986249 

1.9027088870911475   1.0158891454743606   -0.10829547058279632
1.6275346136736357   0.901008105083002    -0.09087405185124803
1.887058530545128    1.2803034638789739   -0.12473498015320528

1.502448879668644    -1.2003711944955788  -0.4816533146312849 
1.6755152245288585   -1.5043965799540027  -0.25001835830771185
1.6239901258060763   -1.3122125515180911  -0.5181074068066139 

0.6641019109028755   0.45898995631289796  -0.5214244543941875 
1.009397145673819    0.40018214850557265  -0.4820394025635359 
0.9100541783357521   0.5656291963534897   -0.007814650099267628

-0.7925935492355423  0.7580753545074608   -1.5214038532120404 
-0.5535977262913171  0.8986970938197456   -1.7049951290061367 
-0.5574845629376263  0.7963692200090009   -1.1450194255217285 

-0.152722705204972   -0.4342932111437622  0.5877030017493109  
-0.24366023491973204 -0.31841746538762505 0.5544165346568376  
-0.4276488894983882  -0.49310095647137564 0.3081740829118757  

-0.23834042728210378 -1.040675818784653   1.0512777969244713  
-0.20042503654903351 -0.9503314036768303  0.9224041313202397  
0.06941943981595716  -1.3507209112269363  0.7431931228210278  

1.4474122611131992   -0.6592798670753595  -0.08606821494679023
1.3649626032964293   -0.6607219258392327  0.23292646415518392 
1.1785351022178272   -0.8043092719072198  -0.09670320644192959

-1.332959010034737   -1.2233609960415657  1.1640436756489811  
-1.3111851133532921  -1.552027255395219   1.3065922380399346  
-1.0756901111658985  -1.2419367869016353  1.3515180358550496  

-1.62911231254828    1.8389010106141823   1.2479146975387512  
-1.3105290099517855  1.854944180924774    1.1772702823355363  
-1.3511158329972304  1.4622539051039407   1.4949445079114767  

1.6221271897414398   -1.5393502783491197  -1.1687100637680905 
1.8218165061417562   -1.9020423597574276  -1.0558104819917546 
1.654348991683151    -1.5073973182791998  -1.2407002298916718 

1.3623824906829471   -1.2611547066550455  0.5639598840050188  
1.6422016517758355   -1.4214840919668803  0.5938873401154882  
1.4979643230846067   -1.4172506773380467  0.7367633064977721  

-0.36579128023895363 1.197241250457075    -0.628371314442906  
-0.3973403862346433  1.5609273642824835   -0.9477515395584981 
-0.46496152074954195 1.2259759474832441   -0.9217096575541746 

0.5211096584625964   1.826498426879719    1.8067288681065785  
0.3562182431087658   1.8116990424481167   1.8031229064841001  
0.26202513534130745  1.603176812800958    1.5875079438396034  

-0.7878905882617445  -1.1745539441596309  -0.8739893860693021 
-0.4987333656345707  -1.6215540832773097  -0.7987391498080154 
-0.4329954707681478  -1.6192970136724874  -1.0139215787979317 

1.964658601305786    0.9804295345649094   0.3348974967642525  
1.579949660607638    1.2746492741011948   0.2991015200811748  
1.4977870945978768   1.4167875556539775   0.4148537661661854  

-1.288526066641049   -0.4460171035646606  -1.1575532010283154 
-0.8890182772926274  -0.27907384962943926 -1.3322630043932606 
-0.9340322982331585  -0.31535706238080696 -0.869369352699614  

1.3106390220716118   0.03146145609430118  0.168324119390857   
0.8638786805920827   -0.1248258751880208  -0.11271600997644723
1.0998919830064968   -0.09828089948677951 -0.23591551129574898

-1.0224381999938075  0.7542914895473761   -0.02978396996983207
-0.9555640401957342  0.3920149715325625   0.05320308695097459 
-1.0053353717271183  0.6022086133318607   0.21975243655907784 

1.1998041977260558   -1.6179160764307379  1.5958763594078296  
1.6050305562418488   -1.623040222121905   1.9104741581141222  
1.2754123174675522   -1.4357944830501237  1.6293842949916204  

-0.37267150504865637 -1.3748203988758765  0.6983354731537834  
-0.4123007663606173  -1.2194505381191854  0.7564306023602385  
-0.7805635574188354  -0.9316383673283679  0.31417051579215144 

0.7539117644511947   -0.6539388535501763  1.8165223197379963  
0.40172234068903134  -0.8399333197021298  1.7797838809447089  
0.5173321513783387   -0.921679009812298   1.6532612947508833  

-1.9367153636423435  0.756283904633442    0.024049545771722303
-1.5999406989552387  0.6556970782569578   0.5007562539735112  
-1.6211647335042754  0.9935556438569344   0.3944704343215274  

0.9995336482468143   0.17939753301768835  -0.6262001858367209 
1.2724259502941777   -0.28089159414184883 -0.38030118117729267
0.8783033448142079   -0.09159531661386863 -0.6745733495283559 

0.35364113265077546  0.6087165943168136   0.11340083902213971 
0.5307729484970118   0.7808267830270265   0.02894802438257521 
0.8465068730889138   0.9384638769718244   0.18235955432847398 

-0.33798843247633675 -1.3028279298805983  -1.5953112263848372 
-0.030412659901192574 -1.576542128340816   -1.8523318250441279 
-0.37362630517017487 -1.2144723397460377  -1.507021579283624  

1.673015894014698    1.877797552016295    -0.04443312187356124
1.785904192464299    1.8746364699601383   -0.1999125340573759 
1.9903787416919805   1.9302197080021144   0.17278015286992215 

-1.4979271184594958  0.9210909904371737   -0.024396133712548562
-1.1823279451165698  1.2218713199275917   -0.4259816262236801 
-1.5974944273720246  1.3503648690434447   -0.30587970068161047

0.18818768406161757  -0.5358012544589439  -1.6028499221913202 
-0.16455506666920122 -0.017367466155281286 -1.801275022148015  
0.03749404030807152  -0.049975863582561786 -1.9436933720982352 

0.1270515847946171   1.345151090976239    1.808196147701534   
0.07050168056269968  1.063668156508924    1.6677555808881996  
0.2638047874139137   1.1417584673815888   1.5534146165269889  

1.6262050662195804   -0.9638343684358051  -0.6670946089905554 
1.5097830934337977   -1.1055052608391887  -0.64770054313892   
1.6204013813816427   -1.1532189849426953  -0.35879969782487076

1.085264383969307    0.6341563001956079   0.136997736882018   
1.302253538354789    0.4750563197899794   0.2406284075723829  
1.372425429452674    0.6838212401306016   0.19022407106685096 

0.40449790922280127  0.07487496400547689  -0.4087283421091268 
0.5180422897016783   -0.045548608974339294 -0.1356511951205035 
0.7426658909433692   -0.012819192039223659 -0.3985428623918407 

1.2128217535934978   -0.4932013486975658  -0.6985440328298218 
1.2944711994133629   -0.021556120259522138 -1.0411138097006147 
1.3552702341061147   -0.45332612131675987 -0.8185708697631533 

