281

-0.23842299458145638 -0.4738829744795459  0.5480228203209057  
0.21255580408177144  -0.6815503471468691  0.5092153625822539  
0.2666883349088923   -0.7930224158427334  0.13381837908882022 

1.984492034893618    -1.1622065137885662  -0.7372082401947296 
1.7683208308256495   -1.1721705782716207  -1.08410923572509   
1.6419622535066474   -1.1900777346169107  -1.039813178921432  

-0.6558011408709936  0.16301797643359095  -0.1652878075669188 
-1.0517215245512967  0.19969657085076398  0.06414434792891621 
-0.7162970482008335  0.23829937734055634  0.1149143155528195  

1.3524009023715449   1.4342410258917915   -0.4834514679170693 
1.4113631031051654   1.4499260352665937   -0.2124754240086661 
1.024896628691818    1.5722575154920828   -0.15439138874725455

-1.150451750169704   -1.519168649167705   -1.3699760480368668 
-1.4569880203961145  -1.4393713094975615  -1.088863314896164  
-1.6967641483544418  -1.6131869046570273  -1.365145367203437  

-1.5407879031238485  1.765790806783298    -1.8281574939942116 
-1.6282251421274523  1.8452097178131526   -1.9867438327499642 
-1.7802398368171137  1.965041208521256    -1.9133526238805503 

-0.7968526732509859  -1.4034205742388162  -0.12601559565527776
-0.6371241493214971  -1.0186838024089102  -0.15116734565218526
-0.9952332779668083  -1.3906514382290065  0.07916094980936367 

-0.8026563433046454  0.8298460948729571   -1.2721957264470949 
-0.4502833765650471  0.7819916219921695   -1.4679035030707517 
-0.5562677468148751  0.7828137794152954   -1.582829865996922  

0.6811720407348094   0.3895563710405809   -1.4303074903487838 
0.7275051352423636   0.41273340188288055  -1.5287103874474997 
0.802375714175301    0.4062007134369808   -1.688753998209564  

-1.4758246214639044  1.669426608402105    1.3249204109566444  
-1.4689764568352865  1.2787608085792848   1.0128977986033867  
-1.3783458753176596  1.1435871191861522   0.9440547441900262  

0.7112643644598197   0.25352526405283804  -1.1806492060531752 
0.6815331714693791   0.07047564675043111  -1.2290031690663983 
0.6725747152474668   -0.2363708342813007  -0.9926140099258978 

1.551611916481833    -1.5164688315798465  -0.3620001009186728 
1.6584596249510972   -1.21958809515399    -0.8367531930612739 
1.5488649016845444   -1.5197930197558458  -0.6509368293887705 

0.9926210264104758   -1.1190491957577735  0.2943493512058973  
0.7381388649307941   -0.8907332038604079  0.39660624342311757 
1.0095144852937308   -1.3527322605467587  0.8365723447365354  

-0.4732381370450477  -0.15832585622584083 0.29593832821446375 
-0.5503348355398652  -0.008116925075609571 0.18325610506634535 
-0.262824316590889   -0.046805979703453016 0.37581687595008295 

1.6778022040729157   -0.1359185295344573  -0.26655507763583924
1.9493861255971452   0.20629335738766374  -0.06088971889750061
1.7559180755752228   0.12855661488964143  -0.17792173447078183

1.6417410482063932   -1.4883771839930242  0.2805594004715841  
1.6086751359358116   -1.74215188187755    -0.043762418445188994
1.4359492387715398   -1.5783997419228462  0.07841890347927183 

-1.5004690162094176  -0.9605521920711851  1.0083484058717072  
-1.9097403272126028  -1.1518537751806979  1.1012243437866869  
-1.974960181025445   -0.9858661014517127  0.7382542250019842  

-1.2221172989636782  0.6237330272340895   1.0849428101455814  
-0.9724838716982085  0.7075983849050613   1.1320415789131586  
-0.8703231639399478  0.33174253838547973  0.9937519653282767  

1.237133395750059    0.6459866386816987   0.3430572942961443  
1.159994089000024    0.45767258803515176  0.12669896254331256 
1.2897849648786976   0.6147404904586431   0.06519894608876775 

-1.8362329468445224  1.2029151186339633   0.5523811870575773  
-1.4642235390145124  1.3130355569712158   0.5336939098684086  
-1.5397982051006538  1.1863383621832844   0.41312842381694465 

-0.6974195337807676  1.4571486012003982   -0.18670140693024267
-0.605401884832821   1.976427277535801    -0.3851440469921417 
-0.6548871141618604  1.9918309906756284   -0.2616273547032766 

1.3651258794634633   0.08910253601017115  -0.8033630580729668 
1.4093932850027353   0.024627713637178084 -0.7884143752522039 
0.871805266510711    -0.2486237704431669  -1.092013585543964  

1.6143113928256296   -1.50039213208767    0.10275562092199098 
1.8982989144220794   -1.6099248197118103  0.44457848489441393 
1.4347928027161942   -1.9272608814912928  0.41783104840641316 

1.081402326617651    0.434865035177729    0.5723295499076333  
0.9860275339877247   0.2042450545767304   0.847874980103424   
0.6877154112783918   0.4433377354143073   1.0939754486353104  

-0.2506301905648189  -1.523670162445006   1.999314989804252   
0.17952152417738532  -1.7160347862171983  1.8435572118679717  
0.2530393178453634   -1.6191441232490686  1.7254666139507122  

1.639704941503783    -0.7537884965496869  -1.7456586172937234 
1.4383233380793743   -1.0418052604792285  -1.6409557832699153 
1.3452707242412354   -1.0143229767711859  -1.697156875886862  

1.6608555320760303   -0.8872365470665463  0.23222537455465075 
1.2430208584636184   -1.2042392700246907  0.19131587977697995 
1.3166198161830558   -0.9067546755855241  0.07880036540888857 

-1.2365773504861202  -1.3025599346916887  -1.6016645991202252 
-1.0700681134065     -1.6231888554339466  -1.6535828324533457 
-1.41331229324877    -1.5586383659794474  -1.4771499269693504 

-1.5270618994361296  -0.4805816981091593  -1.3231726620635604 
-1.6172963675567464  -0.5282824160275263  -1.5487611025384744 
-1.4939273470096746  -0.00928110067372967 -1.361620177427838  

0.1749191391506706   1.708617459156795    0.8037530452613864  
0.4085603519191868   1.5055681002941026   0.6077657361554913  
0.49699425965030136  1.8739624818117024   0.28887848413640516 

1.447369145299708    -0.5040134840426036  0.7201538056005764  
1.7172345794394313   -0.18117095898059316 0.8513478500031018  
1.5008290273670433   -0.2902740008947356  0.423176044421226   

-0.7962150282939284  -1.678161333442539   0.3903789098885003  
-1.060075615464104   -1.2953585597268114  0.1492991288018823  
-1.009697316614901   -1.7113532886651028  0.33191182875983544 

0.8844003361232486   0.03047156980492488  0.18783067118799318 
0.6260828437024253   0.21245686995497348  0.06283264005850547 
0.7466452925842145   0.17844108548632076  0.43997222790544    

-0.8098851024662913  0.34012073198014414  1.2512301335139722  
-1.1346884190380577  0.5041436137665815   0.9926862599768607  
-0.8678823067998367  0.707864219809244    0.9733060103943576  

-1.0137210786419746  0.7234588689456337   1.668145534186407   
-0.7699597139936458  0.6732561045347139   1.6986948624386393  
-0.7537790613378738  0.49932451001410394  1.1797570713431986  

-1.3683439312136851  -0.28408688374841895 1.8923430487900812  
-1.435969200762829   -0.42805621848282915 1.75408781077798    
-1.2209661965704315  -0.24865169674230203 1.5252149410892404  

-1.6555972883097543  0.689387053173099    1.26957741879088    
-1.6636556600979768  0.7680106046002007   1.1895937876414022  
-1.838970418540585   0.7378296964457565   1.5076338273505479  

-1.643947307651429   -1.4257128908992693  -1.3898468223111746 
-1.6157536566706798  -1.283302266278721   -1.6709015736231614 
-1.5546739237802265  -1.3825694168773512  -1.3387671375186025 

0.210284265010788    -0.5405602631668087  0.06602572674434315 
-0.12112499283381636 -0.480092792591754   0.519723619903615   
0.13289812223393238  -0.6021514564470645  0.07989731057705013 

1.0964381241197276   0.3907955762836133   0.14850287126173964 
1.0035848118714739   0.13520951476997026  0.40147145201111056 
1.3759026937633165   0.3620496602515184   0.5559123946763614  

-0.05441846726693944 1.5630200372050678   0.8211629474491297  
-0.035608798595896385 1.5318726690361923   0.6529629973583075  
-0.10322723847491741 1.3168882035559055   0.8825726292245055  

0.8514924067871761   -1.5285191292892322  1.5332437823657923  
1.08305474612323     -1.6508205978122865  1.3637251751851238  
1.1384878168795312   -1.6742101890683134  1.602448422629527   

-1.9889332036915182  -0.09595059558088048 -1.8088190630342584 
-1.7771500084006013  -0.14829584506976837 -1.983942259845025  
-1.7559195778473848  -0.18577793918399133 -1.5524016730840406 

0.36970130358686004  0.9309493459397928   1.1972521835138061  
0.30376914760644047  0.8987020211672694   1.1026664558920916  
0.16219493288696704  0.6428893008877409   0.9550488356663945  

0.22665569875437108  0.9070593956163608   -0.20043104463583522
-0.23088045662689377 1.1473065957884405   0.24310896642514823 
-0.006578723944028475 0.9728727035973104   0.2418472021367979  

0.06379878080259338  -1.5220448843172396  0.3498862128423792  
0.5246392033950876   -1.4400245971972094  0.5961649261454565  
0.1009902473986864   -1.2084144893403006  0.6730591197416851  

1.826310750239084    0.5862309420276363   -1.4527560246832525 
1.8040733795928698   0.739703919108817    -1.7143461658154016 
1.7576290605209923   0.7926497685601606   -1.818000454425586  

-1.7910054966341244  -1.6778750774908677  -0.4855174379987363 
-1.6737281117153224  -1.5516264331983822  -0.5249176517623357 
-1.4348280726512002  -1.1774442749642677  -0.5896891567587768 

-0.9984533468512558  -0.37656927807494    0.26533936382273904 
-1.186988522098089   -0.45135559548703713 0.015184777483869316
-1.0777967978981269  -0.2266334640386496  -0.2282380992971183 

0.4825932627472188   -0.11933048153085127 0.654260289239879   
0.2297107705149079   -0.11499474768736251 1.006171588247477   
0.5505031116588944   0.020357639366377245 0.614416845534846   

-1.2750383127345766  0.2019277791372091   0.5908072803874533  
-1.464213194252644   0.08269407808759105  0.6090950334752865  
-1.3709493182574937  0.006192893849623626 1.0627838102358913  

-0.8306566491178635  -1.482819433326505   0.8780482411246527  
-0.7669756441107005  -1.3905892949638048  1.3829628344081257  
-0.9016947461861023  -1.2890478655368711  0.8733203962521303  

0.6628552029789285   -0.7420140436432736  -1.3028273508751713 
0.4905026592224895   -0.7799551274085296  -1.2961652336979608 
0.767802641728266    -0.7561693490093866  -1.318836531570717  

-0.4688015671421823  0.6190557209026175   1.3618911300652305  
-0.29556980976957437 0.8719530039019434   1.6004577692393496  
-0.7396248000568766  0.87773296868917     1.5034510869167634  

0.4639349977000725   -0.7121447433891569  -1.2125496880519786 
0.5563880507784829   -1.1092135364097717  -1.6492884343502843 
0.13007754228961474  -0.5813555799702338  -1.2433364301430367 

-1.3378907050082902  0.03589901568715109  0.6990764537806239  
-1.3659763452919043  -0.0456053777821446  0.9044834883193487  
-1.0051452899034687  0.2469818882292092   0.697398891453587   

1.2565427764992063   -1.8291684943613613  0.31045848317467256 
1.3343425112925358   -1.5348690113870656  0.4601507249054756  
1.1229753665128697   -1.5352348766177273  0.7860253591874986  

-1.8992012009315449  -1.1035263812307359  0.511054046820093   
-1.4730335659263787  -0.8832340946194824  0.3615304233177043  
-1.5950470090427884  -0.9319239956440901  0.43772859401968733 

1.1189009078963699   1.6150173264276668   -0.8604923092917052 
1.1424028884478832   1.5605886871420325   -0.8930006157223264 
1.0727940279749546   1.4725657667892849   -0.8676506001285645 

0.8229683337784404   1.1066493479568638   1.4612683331461074  
0.7696595033506337   1.017649904765338    1.623789056540739   
0.7499586666081723   0.7249515309200507   1.4576521071654513  

-0.519585054465863   -1.2098296114998437  -0.6215157983384159 
-0.8526614966478017  -0.972429831128954   -0.9925718000001054 
-0.7262215360069182  -1.1889814783803674  -1.131930848950001  

-1.3640462060289922  -0.12242796011284984 -0.9581150430754328 
-0.9672105031451116  -0.31599253302985186 -0.6005263008814054 
-1.1047713016165372  -0.20435123396406218 -0.6600989950394661 

-0.8521228544192188  1.7044430953473397   1.6878420450308775  
-1.1305360011367576  1.3928820569985132   1.416504974520339   
-0.7975794181174213  1.231860468781128    1.6036120110808016  

-1.0915914703349237  1.6980883341089505   -0.9719198683439858 
-1.3137212746664462  1.331892214498171    -1.3436171684651117 
-1.383355053444892   1.2007135428751055   -1.1358582108021533 

-0.7984282807242857  -0.3496264130879366  -1.1695899065336994 
-0.5863555202199353  -0.5622775100084583  -1.6336671341416353 
-0.57792857197583    -0.0033255016913698032 -1.6318060032887687 

0.12155946676102858  1.7070077196407043   1.704961660858503   
0.37135300223229517  1.6535217341752664   1.7489949774624296  
0.33886856825226724  1.9812117997410903   1.9984266237698658  

0.05122752252542845  -0.027188579454090533 -1.5995797881320613 
-0.22493277190475264 -0.08535917388299183 -1.202968341636646  
0.2770173351841343   0.048809086860791384 -1.1648711466048915 

0.19397513693460366  -1.4262556030998768  -0.3508414335031964 
0.4487636778441218   -1.4101134402555071  -0.3078297936904838 
0.040299681453833    -1.4838960790518123  -0.2934830422673209 

0.7037246143616105   0.9312131836310502   -1.317929894829592  
0.9531812091999283   0.8611552566897196   -1.416949850442883  
0.723550047325028    0.8324500498722354   -1.5065216850000827 

0.9219430244520028   -1.1207556989647456  -0.6480080268083388 
0.8516899455063762   -0.6997424034581703  -0.9391615981117643 
0.6772682062270251   -1.0966252562837973  -1.07510244016159   

0.5271021007032693   1.0352903123396517   -1.2598498260767137 
0.32714024590308854  0.6950927656195444   -1.246628134513305  
0.4820016404494146   0.6800891481300185   -1.2206603068107076 

0.2000526160125941   -0.7241460010009512  -1.6702768691681287 
0.2508671523890932   -0.7901724761721202  -1.8161056558232498 
-0.03902990048632901 -0.8260655171424283  -1.5068798881707917 

-0.9658121877026002  -0.3667832287314907  1.7394973590267688  
-0.9819200022435155  -0.47696403876240995 1.9747027614555155  
-1.2723388670458713  -0.600146677191462   1.918762243111061   

0.5356911033460766   -0.8402092806257676  -1.7109406119410107 
0.1927732417654543   -0.8574546786338761  -1.2405039021972744 
0.4624428603341661   -1.1161749623702377  -1.2533675862626554 

0.1381032606228334   -0.8420573721812484  1.8252884043380038  
0.1359813350674528   -0.36778399097835957 1.8829434290612523  
-0.08606927697979774 -0.47550347416547223 1.6620575479876747  

1.6010213841758778   0.7813909783059997   0.9581376396531536  
1.7004354097811536   0.855363457538938    0.8041924488088745  
1.2271908566317933   0.3461577025829912   1.0211754265312667  

0.11256102375245755  0.4618763789474492   -1.3766739879861092 
0.421305287002232    0.22188340446400714  -1.3499239827700567 
0.01882429015443643  0.3177801745451331   -1.4278505515118167 

0.8512929995997657   1.037511192044207    -0.09477232036872474
0.8330586941446706   1.4122229817943137   0.1539027341463423  
0.7387302639771036   1.0282177320534678   0.2291531060556048  

1.475866917118152    -0.012030941441231069 -1.4020207715296575 
1.6125386095375025   -0.06600733532499303 -1.6627581794448754 
1.9700692939829865   -0.08787005775932566 -1.6153088483596347 

0.45723950179756334  0.24214495913791836  1.2601912962083373  
0.6662499473228425   0.39248268219591403  1.5573673421141878  
0.6432476692572672   0.3963227124501632   1.225400897337572   

-0.15922957416354225 0.8578269167576777   -0.8499034825245693 
0.17443006636380987  1.0973128689321747   -0.7723392750195429 
-0.025151770726772493 0.9986582611453882   -0.7785329145917728 

-1.1627631901717268  0.9305208197286912   1.7462489439516096  
-1.1976566852756454  0.9506155238766507   1.9825117267535055  
-1.3513125197822455  0.7682535719745608   1.5306725594154726  

-0.9232238600980464  -0.39613719030084293 0.40820919123267785 
-0.9084338874762748  -0.09612768168854585 0.5070267801619125  
-1.3321846156427557  -0.20542120232952055 0.046735027865490275

1.8783180360036678   -0.4654192723471751  0.03580035222331329 
1.4403800376320446   -0.34044227972753927 0.07245361698137545 
1.646277173297364    -0.17046432930507133 0.10907306821322937 

0.8993785252790907   -0.06282500598066143 0.9056111223180227  
0.7208166072702806   -0.2119066744578712  1.2958157364534135  
1.0529793588375167   -0.023467641078285306 1.0554345568238306  

0.29702042958814084  -0.5050412229332669  -0.4058430982043018 
0.00429160090559455  -0.18626737224504175 -0.5028231368597658 
0.47589615259556123  -0.45239004401228455 -0.8566060483331099 

0.42417336374941844  -1.0805633436965152  0.7756331967447009  
0.67153304303058     -0.5732783570428869  1.0614388911822943  
0.5873103570843861   -0.8386754590205223  0.693726703340108   

-1.332837954141337   -1.370010732578666   -0.17827638554960556
-1.6866243955327969  -1.1415787061242084  -0.06443182738291181
-1.651346782180486   -1.0274284778410387  0.20126187610009072 

-1.2150346156709966  1.4938931927714592   1.103674661082777   
-1.2558451568587725  1.6212431394488047   1.041528396213295   
-1.4241236138136555  1.7686381900704076   0.7648208841542352  

-0.6418552041751568  1.0524112054804813   0.611356359610314   
-0.6991983528515783  0.7142400299859198   0.4202360315973943  
-0.5056497627487818  0.9115731235957226   0.6449322219128855  

-0.7313776294207963  0.8146329548680799   1.4832642558639406  
-0.8406995286944827  0.6393766501439889   1.4925807303592382  
-0.8464768480326101  0.8109098544688229   1.620781533961967   

1.7007703814453825   -1.4547338908435576  -1.0150036550711161 
1.8667599895999676   -1.7380373662141368  -0.9940128663044951 
1.8010436414113502   -1.9444150435103325  -1.1025151242360582 

-0.2623535582987799  -0.7045758494127801  -1.2996798016300684 
-0.41537320736763483 -0.7911501825904872  -1.1837081049355822 
-0.33184033783555567 -0.6757311951527936  -0.8939844000561812 

-0.6099580950886792  -0.5864587118052158  -0.8271639513801834 
-0.7812192805858     -0.43121144602813777 -0.7667618115007299 
-0.6349308391387883  -0.7092021511391572  -1.067761165425764  

-1.0783991126467136  0.3394479411929815   1.4319014551815936  
-0.7187776798879567  0.3219944043207329   1.3465271974827253  
-0.8410352390394733  0.7640950011266177   1.3066428271300818  

-0.7089337342050889  0.9407593009970223   -0.21514253739090167
-0.34206150697770876 1.2370227619628946   -0.33997756018977854
-0.644016588919734   1.4098442738722499   -0.31045579724093303

1.4519627561896467   0.7308062428479822   -1.8196443158440443 
1.5173979836369003   0.6166197273275097   -1.4618584647897408 
1.4542781554824868   0.29122372794746415  -1.9310682407665276 

0.6395397473251732   0.252190467063894    -0.6567991686241039 
0.3240389354114783   0.1770896148184067   -0.33868351111480643
0.6595786351283661   0.5477847954077184   -0.48776055440369565

0.3985484936890843   -0.9026614809479447  0.3537219705240223  
0.3442747929880372   -0.604309429358925   0.5559659660164444  
0.6139310197106762   -1.0260082389703922  0.4890707585110882  

0.6861647398988495   1.6271005240719896   -0.08988691354273859
0.8028995376307486   1.5935768271987505   -0.5405509935634465 
0.4558954103398635   1.3938639881861794   -0.20663411347942617

1.598502633083947    0.41405660362708396  1.5205241637173188  
1.39065633355278     0.7724786531193846   1.4878770094216889  
1.6618838482661178   0.5609340176374442   1.7349559477712528  

1.6638732215542913   -0.8499293758464761  -0.25956874016303705
1.4414710084740685   -0.6410361049249481  -0.08991854666515525
1.5030961053714362   -1.085489854215389   -0.057145734983582025

-1.0753783157842365  0.5123268859369823   0.04883612885365793 
-1.0684784850187274  0.4822005376242739   0.4803908432483793  
-0.952382779092464   0.33111313399503456  0.5126419059927747  

1.142709228658781    0.03013177730647143  0.3197428823531981  
1.07385408780419     0.021856353710286547 0.5362384640079059  
0.9844354252855336   -0.09488973264186573 0.18823313391116425 

-1.7229058530992187  0.6485332528193571   1.6714616144422207  
-1.6930810723394134  0.6947523957256871   1.6712889083674183  
-1.8769602197163828  0.7174241663956199   1.975229417049393   

-0.22354058220312537 -0.5001788089080321  0.8122577935908134  
-0.16613392934590657 -0.7451985036682867  0.5333414439011688  
-0.27402695650900716 -0.48571029036362934 0.4941818389086703  

1.5844446076062924   -0.18132396272772378 0.7035314137652846  
1.229590746263559    -0.2035323622357068  1.116578140915704   
1.4866841472873116   -0.42402801904743503 0.8251214643947627  

-1.0762914545001483  1.5200330079231845   1.1138770686123254  
-1.074333287277979   1.2868737712656846   0.8430470146074235  
-1.3472643521747694  1.6347893636456567   0.9648578680968174  

1.8225209894761925   1.5634452306600009   0.9351386352962091  
1.7977994376966822   1.4035655652294898   0.7190679325554821  
1.5866880145830171   1.4899929428100824   0.9364245610195928  

-0.25055803727437786 0.7607928183818967   -0.9320476257274709 
0.18140708239687348  0.7590007755151841   -0.8434566251829969 
0.07542563936757818  0.9791824062067676   -0.9581802490732327 

-1.537737991897305   -1.1085850559778394  -1.9981112361557256 
-1.6933471416627928  -0.8676183670392767  -1.6092914418556274 
-1.3963907405846911  -0.6911979072803105  -1.7267782721796867 

-0.4457130683955879  0.3309679481659188   0.0926888901594467  
-0.2932929623674631  0.44666821009976987  0.005215456091899717
-0.18951761531768274 0.44137716419180534  0.13193748432445773 

0.512314201466882    1.2456722944134542   0.6933382289130501  
0.1250277320250118   1.4576758027016996   0.8654355639778946  
0.3926339671209783   1.4111310586093444   0.9572206606691702  

1.8826983408003075   0.7054707809010755   1.1883603077341127  
1.770304859019562    0.7055547894628402   1.2801918705835638  
1.6827966642225138   0.5440018766423844   1.162861522049534   

0.613025353970662    -1.1852091555761142  -1.417330386753675  
0.6797057175568089   -1.3517992851391796  -1.5482232489898242 
0.6756673875885      -1.2346382131128775  -1.660071082344148  

-0.12937769812838656 -1.3156217765936322  -1.4885016051966493 
-0.3574207925702375  -1.311124202552425   -1.7074729534171613 
-0.41086966885319914 -0.9751708957739416  -1.8099587459199353 

-1.148523296023433   1.532438920273942    1.8081464120268345  
-1.425513642183051   1.5635962100267862   1.9705439638252908  
-1.1910469800342678  1.5489157772464082   1.7298926802678352  

-1.7144994620887046  -1.4811596193752958  -1.117139954551226  
-1.8091060996578894  -1.3342880276483198  -0.7503403934669406 
-1.535233554627653   -1.5200829111795429  -0.8961707035281422 

0.8391881600857627   -0.24037860617879597 0.32954875856333554 
0.3840044605419316   -0.12242918183721041 0.837527629516813   
0.6904171218438788   -0.40857304737004546 0.6484150046367255  

1.384117613568367    0.6453245086349213   1.6554568012940056  
1.3666153593623622   0.7402297491098657   1.5072520707052484  
1.1139858550213393   0.5724328815040145   1.9171333039085663  

1.2777178153395052   0.7643290924423612   -1.9476285088431622 
1.202972367703449    0.9595848276379843   -1.5154358002601365 
1.3212348235824969   0.8196107022785255   -1.552512268920378  

-0.8455715205085639  -1.9823980674214523  0.9433878307424105  
-0.9059169660634047  -1.7874704538858779  1.0720650912297023  
-0.8389420601753834  -1.4790569706423855  1.0645691758306541  

-1.2783987942933868  -0.33745713672435196 0.3734268543801192  
-1.5129845860816742  -0.3925112617857895  0.6392492277194674  
-1.6917951700529776  -0.05804989398111993 0.7244292436800865  

-1.2289267030439404  -0.1645018920568943  -0.7935618039930636 
-0.981457471480995   -0.03342330503326851 -0.6437142290709106 
-0.9157865032211522  -0.04445796026608073 -1.062077715153774  

1.6508074955654193   -0.6522108202038773  1.0815585091361395  
1.5264074105029246   -0.8343953690845667  1.4158758985101314  
1.9492567705591142   -0.31543268055580165 1.0419029300765037  

0.35956454143892014  0.697304764238734    -0.633237535463675  
0.31030051796680636  0.3009968451136574   -0.7533626106524207 
0.3036836758209962   0.36602019635406796  -0.6555463462593158 

-1.1928754341633727  -1.9268569918456793  1.7097195507216072  
-1.544453367415868   -1.8411597996606777  1.5706607622679347  
-1.1957819239413805  -1.9895578563719738  1.6538050516864702  

0.9538141472551145   1.909082067584407    1.611140202271511   
0.9875956557487148   1.9367363097330932   1.4699240270991463  
0.9324805339645356   1.8373439818554038   1.9284511558800175  

0.8362029682005606   -1.6397170731857171  -0.6894726086741635 
0.6329649673850224   -1.4591163920407615  -1.0994341666363314 
0.7799252473672824   -1.6269829286441078  -0.6203884407961354 

1.2582927432955358   1.36740051537302     1.2422944581964557  
1.4990688330494804   1.5851738629072538   1.2760541862026824  
1.4402099009444906   1.3807970868071449   1.2085331131450607  

1.2196382397048577   -1.064473549254486   0.8972618853624653  
1.6888457242976405   -1.1167749075454974  0.9264499283770062  
1.2824203615121905   -1.300056921919347   1.0735293743394987  

1.3414301837543618   1.1575651975950503   -0.5516919924380616 
1.1355850247886417   1.1705461399801258   -0.3745008871975851 
1.0158589363190158   1.3096010670200111   -0.570684998824833  

-1.1753794856172983  -0.645875517332295   0.6265863090897816  
-1.5806758177035518  -0.8102420831232156  0.8512035360861854  
-1.673358652694027   -0.7205010393425826  0.8018772253577194  

1.400052690284512    -1.1984488309043764  -0.06428943017175426
1.2694972595558023   -1.1905282185160053  -0.056794589841051235
1.4035390157089362   -1.0439275676389277  0.12493255449121232 

-0.625905712268632   -1.3829510709010489  1.1847696816942965  
-0.353475755741842   -1.5605607948934312  1.4164408842995972  
-0.2961149739792137  -1.5459171388940045  1.5562153176509816  

-0.8619456413850014  -0.8275603750601581  1.3118693324284845  
-0.5838953731181487  -0.43016300270253716 1.3510424705151565  
-1.0147463115784798  -0.8063683136644644  1.085527512134503   

1.6199094110947063   0.18221127384851898  -1.8223641038377656 
1.574966874879816    0.10012439114772964  -1.7052068221069443 
1.9728460561531773   -0.035271495629980054 -1.7921404916511914 

1.4388232960951872   1.2442645772212055   0.36696441439921834 
1.1715919215632984   1.3443938102351278   0.45184088550626467 
1.1599421169511186   1.4265138540289848   0.5623835053504862  

-1.8119149887459656  0.5025949577852042   1.4616622050296255  
-1.971271930467823   0.49617025974742923  1.4563122931368542  
-1.7569986250120826  0.8294703192886186   1.3802243347464431  

-1.286196819978238   1.6415684183035626   1.1363733891788435  
-1.3120895989796797  1.891386604881736    0.8366953253925389  
-1.4487524415799184  1.9379515421460836   0.7392879193596529  

-1.600863632669283   0.8454457503307063   -0.3667870809192283 
-1.174801824780237   0.5627227534793595   -0.6938100390975181 
-1.1639202785993419  0.559002405836521    -0.5719124796748297 

-0.1795736390000044  0.6612628165777018   -1.6770920765530029 
-0.0953716965640759  0.6280198093008729   -1.9284744721624814 
-0.32459572247685614 0.9934682768546801   -1.9549188702597435 

0.20219534247855858  -0.9754931475618384  0.04083925612621453 
0.14682914535203917  -0.8942499756206727  0.49455711445613354 
0.21451333625344415  -0.7487729826091258  0.319907531479568   

1.3364658572678714   -1.984067944215945   0.2641783366651191  
1.6150475617375495   -1.990471930253136   0.16863480383710716 
1.4445473423011521   -1.658590770414947   0.24303290062232094 

0.37720949123527764  0.3832008801365445   -0.20803295913172115
0.5651273014023644   0.2997622951580143   -0.0711467797669828 
0.5604596385730679   0.8323874637615112   -0.25058538013772813

-1.607117557058531   -0.058465116032250575 -0.8358546940938183 
-1.7645624055628726  -0.3116901941818262  -1.0512902462001763 
-1.9211183412451514  -0.030913876297762433 -1.1104579282529734 

-1.5997479383869113  -0.7041319662857758  -0.6804396988127153 
-1.7859103352275925  -0.6136197839934063  -0.516940751941232  
-1.7966482004597453  -0.8065199394675331  -0.3262873458632982 

0.149251949578135    1.628035884591297    -1.5315148477092233 
0.08335733449660782  1.5224687466108975   -1.6309353556977757 
0.054965354570468444 1.7686712433021174   -1.5696925885227317 

-0.6032461994064163  -0.6245353814442061  -0.5557337613604032 
-0.8241605988566296  -0.7311515563370025  -0.8250920156557757 
-0.540043338984298   -0.5627012727838058  -0.8412487216373971 

-0.673026519847489   -0.17398245533784096 1.4542916801234647  
-0.7392283533259189  -0.4111681433331319  1.7071524137446183  
-0.6739016647637263  -0.27821501268903986 1.455600696443606   

0.19842395823536352  1.65648993834025     -1.1132765970727247 
0.2847701347893792   1.5280033818070449   -1.0204540733220662 
0.04706847437992251  1.6420024662664867   -0.9701870897978131 

-1.2865439164669277  -0.5608428844462381  1.6363918907548234  
-1.2017036206563798  -0.5684768148025563  1.347076370376993   
-1.4668921830700867  -0.7902225661112802  1.6497636818963723  

-0.795950992988079   1.593153188732039    1.7962074274337099  
-0.745115370542454   1.7198283800006082   1.543050835842948   
-0.827239463244684   1.85623709969988     1.7551270807831294  

0.4481968499066166   0.7340781616327636   0.13575321794637135 
0.8278867628492824   0.9992252320504096   0.24929946037231387 
0.48420994481082247  0.7989029508293211   -0.11062155235799312

0.8716448568376614   1.1029295050823005   1.299314496376719   
1.1390551507894338   1.121594250934304    1.068937352287179   
0.892286216455628    0.8875814583635542   0.865681004901032   

-0.4477933557819355  1.101950141881553    1.0885845489239632  
-0.7984795168885699  1.1226772341016389   1.010182690972246   
-0.6602254758399393  0.8578012336290256   1.1171336125097433  

-1.7913519050171105  -1.6445780686116018  -0.6217662793042044 
-1.435585819906274   -1.9416109438418392  -0.5982294682808383 
-1.5995135470830473  -1.5835665640592098  -0.8497515154609736 

-1.0691124103996432  0.3712624706257654   0.942026517265187   
-1.3693574691332777  0.3705216358744716   0.8235758575166692  
-1.2382007076373893  0.5279958047408054   0.9907754952000664  

-1.379546715834501   -0.7605061652598212  0.8596224737978073  
-1.161564231634024   -0.8753479139958538  0.8751566738103372  
-1.6493551553616168  -0.7800581147398531  0.9990962735391095  

-1.6346303266143138  -0.7644142487226102  -0.9742129515587625 
-1.6742307081457373  -1.0463653767376684  -0.845126908511973  
-1.8377752409339914  -0.6874044012274412  -0.6313656625680983 

-0.3540845536246022  0.9636864751239769   -0.15900006264695885
-0.6136814444780063  0.8656859469761549   -0.22987375133215882
-0.6071904317376358  0.9873007919219341   -0.07984096764935522

1.3612070646565286   0.08505585706799124  -1.8247864276574512 
1.5120372191475715   0.15505348436903052  -1.9487308646107393 
1.324010958191502    0.36637887349589865  -1.929452879462451  

-1.0486837366998611  0.020616926056126306 1.5753819779806517  
-0.8149813132585464  -0.024796130098209412 1.873624125929875   
-0.789386972493862   -0.24457498466689018 1.6279722137256996  

-0.016147683869943252 -1.8727524554169068  0.06422963686890998 
-0.4707711956718361  -1.8003957036104534  0.16035578269808676 
-0.3736223529291308  -1.783269080730929   -0.20540051262422376

-0.37939129483431466 1.2013878736654786   0.06674597383806463 
-0.07742958567886837 1.6479419516555458   0.04257987606855329 
-0.20620052182909177 1.2549931498148537   0.20374086015021808 

0.6870393765288128   0.06970793193595728  1.524608940733756   
0.958584173747538    0.3468427901200438   1.7535776680077528  
0.921586036047622    0.09727442323845853  1.582847986826716   

-0.3381355240874674  0.131677371812047    0.3411730297701122  
-0.02566999306670492 0.0805309047000426   0.8251205719909431  
-0.20946470999859423 0.19030648867979894  0.2906709959943122  

0.6417926460596114   -1.4941681639738758  -1.8322097477328465 
0.7913544758304394   -1.3581808605669599  -1.7496954240705396 
0.5400736234625055   -1.3045757582486512  -1.6223194595185846 

1.421987074660309    0.6178482822314539   0.9646550832228408  
1.6565701555534593   0.9707240508803796   1.2695352280636802  
1.3845290774995869   1.1120123629878103   0.9571046675533096  

0.33269523993007205  -0.3896492005010291  -1.7718522376761943 
0.7537419397572638   -0.37917055349800305 -1.60476175734187   
0.6293770353984733   -0.30610701706600596 -1.7899151321811968 

-0.5345533019205821  -0.9288152239562085  -0.8106881501042625 
-0.33199389383270117 -1.073227601581461   -0.8645077486802879 
-0.7895756390014836  -0.9454439046214349  -0.8035083919727266 

0.13677342535253642  -1.3495389201977057  -0.48547526372027217
0.3671705290780173   -1.3406732345720458  -0.42667442019454627
0.32408636576812616  -1.1795365574477974  -0.5102669556949904 

-0.23209714091744144 0.3070950780391446   1.5629256672294956  
-0.2542315886811473  0.6484335222903109   1.3650241648256767  
-0.24954557397016103 0.8520976680124199   1.3307742709048311  

-1.7087130601494396  -1.9767694883755098  0.04912092185400024 
-1.3067317932159803  -1.6606982868051112  -0.20298742532057162
-1.6922179138843454  -1.623739746003517   -0.1617311361001118 

-1.1654996982820025  -1.1722380928775502  -0.1908822324125302 
-1.3943953623447616  -1.031654600222506   0.26771836374944646 
-1.5355143232464648  -0.887010718683469   -0.267256031213298  

-1.356696936659811   0.23212045050608301  0.7845245206798571  
-0.9414229942677619  0.31925753457814304  0.44763376598465865 
-1.2018525675748515  0.12458029981339908  0.45061533707843154 

-1.3136887153020838  -1.3299864865035613  -1.082927289131359  
-1.4973217053778654  -1.04748207691507    -1.2059875473048915 
-1.4024747549978454  -1.4254542444712683  -0.9355272945872575 

1.2340006113527167   0.7252128543077231   -0.15403739578090747
1.387606433738752    0.6228699598373714   -0.4576892621777823 
1.2791927723762866   1.1060997131516057   -0.023445058076850822

-0.2410538799534172  -1.4255255731930945  0.9430914387766554  
-0.13626812138729755 -0.8812745816031696  0.7014536830788357  
-0.2669893663531726  -1.332355914188644   0.7105302501450073  

0.8318131912038291   1.1980050152035902   -0.6720368421066235 
0.4744478764588025   1.2209288855459146   -0.6517165716442475 
0.7708133903251907   1.4472160901615405   -0.36968012762610775

-1.0426487853315338  -0.4560312531060603  -0.701564984591546  
-1.0683209787276908  -0.25589687349670076 -0.42085801949700086
-1.0843422150294473  -0.18434574741443038 -0.8008530684706752 

-1.170264159748288   -0.41396892378745664 0.3198729568496945  
-1.2031134452301202  -0.3968667039009798  0.17279470556620138 
-1.0875896956715814  -0.005877648769324062 0.05673554375322429 

0.5775745733333394   -0.41996154151041787 1.2363125853648353  
0.6695153141091182   -0.3250599438258322  1.4492513143456378  
0.4591713098915199   -0.22720491303112972 1.3226597687627484  

1.7401292216471327   -1.9955770149581782  1.0941746180675318  
1.8772949880741554   -1.9952496593744904  0.8829589067135237  
1.7344859730286448   -1.9704256670872773  1.1104840113245493  

1.13412984362362     -1.4039766202003578  -1.5876499190053723 
0.954364908635488    -1.4636503822318423  -1.2568182558117105 
1.0966363555882312   -1.15691427560725    -1.2358415504053708 

0.6404691893720487   -1.561556461011899   1.4103521565363057  
0.5346446741018743   -1.5538226309043492  1.0103098403099493  
0.3671108488804005   -1.2841998954220546  1.139229102136031   

1.6807526971322482   0.5794927862364341   1.5963486058431142  
1.487816989162058    0.7171082444816107   1.4974516487840739  
1.3803687973821976   0.7518240637410997   1.429662913814402   

1.5593652163961877   -0.742680164608543   1.6418888686493873  
1.9640936217258043   -0.6563334385643094  1.806316747026504   
1.9745107947347365   -1.12355400989935    1.8703432283160797  

0.9819807589462279   -1.1257767380889072  0.11596721288779854 
0.9816198317256226   -0.9619764155574688  0.22778680226586867 
0.9462152441033793   -0.8810332312734255  0.04230184297757039 

0.6114964108060547   -1.8873625010151565  -0.5008462723887389 
0.6374444475025213   -1.6684271136080737  -0.44509439990761324
0.35402127731023425  -1.512498990710576   -0.456482670600564  

1.2535130609148797   -1.9598112307652462  -0.8367469952008201 
1.3826261095404213   -1.5122082513333575  -0.58415492932832   
1.4510939481376377   -1.4808602014789938  -1.043222608498715  

-0.8064820784250335  -1.6761149168282201  -0.9276599575587161 
-0.4246248878480835  -1.887509459308142   -0.8154918830744107 
-0.44715047209431275 -1.969960094212755   -1.0449904123928797 

0.872123644458076    0.5249292634553073   -1.3430759349479051 
1.3713309899724924   0.08422325382901308  -1.5636319467242412 
1.2507571017619186   0.07965079734338948  -1.314103601651033  

1.4333957077758523   1.6674313048557017   1.0306303882974246  
1.1565857721616506   1.348380529820028    1.2627444344383445  
1.5681644468718763   1.274042864419019    1.112259428479635   

1.132297069658131    -0.6160710622202857  -0.008411085588468259
0.9022801044328936   -0.6109914223309714  -0.49634887521499604
0.939962796179835    -0.8338130157667438  -0.11185092630546023

-0.03339886745249088 1.444135792939858    -1.148708053976096  
-0.09425467996254719 1.3595830829526943   -1.6898309226052528 
0.06130987704056523  1.5030772292939338   -1.5334617883016168 

0.11934224210742045  1.1119476694243668   0.23186264454875133 
0.07191890480104929  1.119168623155432    0.4890786117913819  
0.03014031340593315  0.9656483699260376   0.21480703562288422 

1.0739571638898928   -0.7788497330516544  1.2774416407548417  
1.1017123383907468   -0.4915545247385402  1.1114825192558682  
0.9695600757681975   -0.4183226292664054  0.9986748405154708  

1.0252875577484046   -0.4751464527694974  0.8129510133260093  
0.9758912800672064   -0.6605738140706696  0.8001644525100228  
0.593559762372245    -0.3716867835019577  1.1321067392111033  

-1.517688104520122   0.9968342281072586   0.5185900260283002  
-1.273128025543653   1.1206042213864456   0.17036572606815328 
-1.6684412176593697  1.0145898355369694   0.44125845090687443 

-1.533725292536217   -0.24772760912546338 1.4722039187598437  
-1.628262124796981   -0.18944363078225734 1.6849006174118766  
-1.686092830537469   -0.49517239885388126 1.2680315668566755  

0.5827367764823091   -1.5346271801831297  0.21353754274054343 
0.5340117613234643   -1.6128035337056128  0.2498821706400259  
0.529018394111842    -1.4536618655883948  0.36977186807029333 

1.120659151068344    -0.1288986139760721  -1.4833466509243367 
1.1311263245064325   -0.5455450127513366  -1.4709121636188154 
0.9376672771279603   -0.3349813673195104  -1.595870554066302  

0.9856862918096082   -1.1630059924361662  -0.48502090332017694
1.0817887330208167   -1.383821310329039   -0.8022784947618284 
1.406529377687675    -1.3770486525436185  -0.7899361446843909 

1.8576313243945288   1.2189529615455748   -1.5876634008971704 
1.6864855398990408   1.5151768831087231   -1.751542338652594  
1.683951675363888    1.1863605397435246   -1.5339944615433105 

-0.6396288885472333  -1.877590891172685   1.8719398089483448  
-1.1161188865680827  -1.700684435410722   1.8414369568455042  
-0.9097056722668171  -1.746460862703813   1.5720964910506199  

-0.7572521766522019  1.5182953771340444   0.904559395465954   
-0.7420823588912727  1.5745439160768924   0.988097523269682   
-0.3245919391440143  1.8334537316224833   1.1206734787572423  

-1.1461321043738302  -1.1162635873784639  -0.18573946473093772
-0.8707995509094303  -1.270953820127449   -0.20562539460798307
-1.2055354430315293  -1.2523040289356127  -0.4568552651384514 

0.7815111738128329   0.42375814508796195  -1.242499827114366  
0.697709516599025    0.5008601131500444   -1.533763267734144  
0.6567888006438241   0.7557504994038095   -1.1474369984354915 

-0.9306172305128314  1.217039966003123    0.37557373265670685 
-0.607597110876665   1.4176399410510219   0.3007402438778344  
-0.9833105032264312  1.144335838226947    0.191577455770674   

-1.6462139724749276  0.0734353724434324   -0.15920936320478013
-1.7378244933160036  -0.2759599919322067  -0.1751228031784583 
-1.7901434412401582  0.2639865585787876   -0.37421510076537456

-0.15591510088496308 0.32285163506157194  1.3386595711672258  
-0.2679530460774139  0.6541561978606443   1.5233176794194243  
-0.5546570404398011  0.513768079011945    1.1985653561377452  

-0.6168343195346088  1.0886440373733706   1.5578479359820243  
-0.5321551936520273  0.8742077143499538   1.5370160162381903  
-0.43477672227275677 0.8640562021181954   1.6366248848914275  

-0.49797224023981645 -1.7039859785034897  -1.4514576301976172 
-0.42487981198592173 -1.7318961742488777  -1.7629677927421026 
-0.3587413243635567  -1.5340938016170353  -1.7660222121696145 

-1.5295830021780226  -0.26240690308416587 1.5794741172938362  
-1.4958021797242387  -0.065874138574261   1.6882241299367329  
-1.2960222354369146  0.17871987778222048  1.4766393769968835  

1.1167236357123205   1.2565992100253638   -0.17328923288471415
0.7061651076922717   0.9728899151386163   0.14128616709339775 
1.062623579892009    1.2054068918259921   0.1713432642439528  

-1.3722872515365456  1.220979148883673    -0.5587770013731868 
-1.0372816236669298  1.5457828901503317   -0.06045098254650927
-1.00613908329482    1.2122119850296995   -0.4276339780220991 

-1.0578017070841315  -1.2751934653831807  -1.2143640210251894 
-0.8516171879560139  -1.1841881043930935  -1.073934058848742  
-0.7230761573373314  -0.9555628370378155  -1.3205005473485356 

0.7489378713023891   1.6800222740887845   -1.8392166262443066 
0.6283197809092052   1.5977848514227204   -1.6366729643258275 
0.5992273866795148   1.951366742314371    -1.6480941813943664 

1.2650232969080906   0.24750670708989397  -0.5783171812974486 
1.3500868187023696   0.12965654337148225  -0.6404031002257561 
1.5859444347571636   0.26722079805435717  -1.0225457734434553 

0.5768824894551663   -0.576538802881456   -1.1823108823333843 
0.9132211483445165   -0.28604124039714374 -1.1934093412414035 
0.7978014063198526   -0.30922227764629495 -1.135712081671055  

1.6263345660149362   -1.4933158519804972  -0.4581333081053561 
1.655825176130504    -1.559097845125813   -0.13036032006584475
1.476554522937468    -1.78712790808179    -0.4911200936783091 

1.9290375600999041   -0.43682799950613305 -0.7812352039659178 
1.4605917715787333   -0.10753153953858552 -1.0686610814384505 
1.5990677950114842   -0.2706560246597934  -0.6785250498040802 

1.6274711885047926   0.5279420263846073   1.8316344323732627  
1.6106089361622622   0.1508244553813027   1.7811186669571817  
1.606435462738692    0.09584202949702142  1.8090821148861718  

-0.484035595751863   -1.1879487409560845  1.0609038872472392  
-0.6678697188604403  -1.2237521195240704  1.2385419512894973  
-0.5226037836641106  -1.6485341044539745  1.27084076696844    

-1.6957908067967018  0.47861886194173     0.47686333192860897 
-1.4307901930776676  0.5009292793733765   0.5421783271613212  
-1.5349105727534589  0.4380422796091361   0.5212233693804598  

0.9945471449105703   0.4428037181668313   0.4395860297978787  
0.8877840682884734   0.2614941222167236   0.5278550405458476  
0.6680013933485192   0.07938405561986789  0.46546017967966513 

0.6436969689793097   -0.2860564275432583  -1.6516694325323753 
0.5320469095588336   -0.5515622104181077  -1.5422362642764114 
0.6769865503532217   -0.22761353277873814 -1.333805000205321  

-0.22259542678998623 -1.0215973618768106  -1.0583638075948991 
-0.06424282873540202 -1.3586659350182686  -1.0650752989074543 
0.07951298833442028  -1.1605926867899226  -0.8952951478078683 

0.4820785885775768   -0.6513644265786482  0.9731275761367328  
0.3081712086541428   -0.7098050017701714  0.9886156218076689  
0.19883671490797905  -1.0843897856339997  1.0644490918432201  

1.053941241987641    0.7040405532278073   -1.810867620016728  
1.4281101296300707   0.28935929676677824  -1.9735451294894777 
1.3913623677931355   0.8416391190213445   -1.7102242552091944 

-0.5578820844874952  1.2232811184820025   -0.872308506566388  
-0.10786506010469032 1.1659608933897303   -1.2829474051270693 
-0.3745496679240896  1.3727966408784102   -1.1040173529638326 

1.5662927627894048   1.3820680496626947   -1.1156892545502484 
1.6189587615372603   1.2033833682778559   -0.9683637931866427 
1.2836387403308882   1.047862749605476    -1.2369552710583376 

1.3497014666931388   -1.6940709159686962  -1.87768218742874   
1.3001721970568352   -1.8483525809303236  -1.8934475974931215 
1.097559898985675    -1.7091589920459231  -1.5215866696064728 

0.4032450466306193   0.6856163800662438   0.3118292759957256  
0.3883589668248908   0.5773942403329798   0.4811427805182208  
0.31308340491404674  0.6624855964130781   0.5748976353447673  

-1.5042546922791031  0.7139437859276321   0.7112403292717328  
-1.9380772203084669  0.6122834601150419   1.0417481517348897  
-1.9878005379645254  0.4628326496662616   0.7275076969264311  

-0.5617402100168427  1.4149298615129406   1.1506568745992225  
-0.8208103737360612  1.4972652872618428   1.217958166132269   
-0.6355787313598018  1.1678350074899422   1.468113410375561   

1.419681715966578    0.9974849550679042   1.1765813179109716  
1.2747084138055187   1.0155335486955006   1.024348631679822   
1.513649919367995    0.986393746711286    1.3738691712927207  

-0.3821348959030743  0.030772647190390467 -1.8427414659996204 
-0.5422445531914732  -0.03811521084825595 -1.9501759835343464 
-0.4478038451635132  -0.15477628904584936 -1.5661332782666528 

-1.0752428965203151  0.9093829222481342   -1.2986604450683454 
-1.0373778867395596  0.7584351799210589   -1.0120197166901739 
-1.337706934699032   0.8935793068911388   -1.2645907361081952 

-0.829271270387645   -0.7337601073176718  -0.18013866148032914
-0.3352716697380371  -0.6154347531891131  0.2657624870424252  
-0.5581125647753856  -0.39767473396335234 -0.09486553023833041

1.4237306800160439   0.7427014511098438   -0.7637883742241717 
1.2046199197978618   0.7531720868161764   -0.3792350225395651 
1.3160830044528344   0.6532159772402212   -0.5548779706113021 

0.06921393474536869  1.2586484487745953   1.3084642751326006  
0.05633321240759476  0.962789774542804    1.2058841855009286  
0.11539325933253913  0.9464453922636764   1.060033093387775   

-0.25171626071702696 -0.7129789356768463  1.3154699598199973  
-0.13527816088053507 -0.5067424218663843  1.0431130691405754  
-0.41004073215779113 -0.7377389786230963  0.9138861176144156  

-1.1124050027375345  -1.659289453323731   -1.8497840315993683 
-1.120798750491519   -1.229187595177437   -1.6591308590410607 
-0.9288462965309369  -1.4287117715484734  -1.6855921324598515 

-0.9699336961866192  1.854929172138698    0.18324348743150953 
-0.624380898723656   1.690503959782395    0.039578753978147696
-0.7543748946606661  1.4790166965095863   0.1827286790399734  

0.5943390579693704   0.9377745364630234   1.6966275445117356  
0.5737475400919012   1.1282615237426974   1.616510544963579   
0.6304481606760544   1.338112965619168    1.334532843480411   

1.5866129874937478   -1.4488705534552522  1.6015566072873768  
1.2297689156085503   -1.2334061377023073  1.988886603348831   
1.5054689144594993   -1.393976251824018   1.8481608551331996  

-1.5466609274673893  0.11862907983595206  -1.1996127706302295 
-1.845347467541488   0.001715905506240234 -1.3993019101827655 
-1.8075071950789596  0.23725341656576074  -1.3500700664988678 

0.33949684176038486  0.6762308624467557   -0.7677881146327226 
0.772921006337567    0.929643932700321    -0.6103265585956572 
0.33884508464475893  1.1255630685804574   -0.9922462236009442 

1.6504623095729025   0.4201184537694733   0.614870966124729   
1.4446150932151673   0.5028063322684486   0.47159773313285713 
1.456801078470444    0.2284804309968659   0.4755683253070918  

-1.3167632324294984  -1.4820025185074468  0.28909785287081746 
-1.361560860272291   -1.2115052123038053  0.4266378636363235  
-1.2479041803955004  -1.2532839508794247  0.15365318075107803 

-0.8531830151298514  -1.643873916337219   -1.8647731600705768 
-0.6027739447699991  -1.3941348918670817  -1.8656201762282525 
-0.44322305869754275 -1.2922062871159985  -1.4743207729341465 

0.2975172396550268   0.9733141114848048   0.22738567316047212 
0.2807520031503335   0.8890187406546455   0.5469959337142308  
0.11364140922146593  0.7880495487736631   0.5596397029310958  

-0.5312567670569941  1.2893595976129908   -0.5708122689011867 
-0.5296868434453434  1.5334032550296794   -0.8056478374269612 
-0.08554078133367421 1.3287997027591423   -0.5232085292798636 

0.6417873916052164   -1.4446205387159121  -0.5788961584401342 
0.8942247032244339   -1.4526740753312035  -0.6718320734504099 
1.1153752642906394   -1.2028227605949486  -1.0030000101323537 

-0.6144358374561752  -0.885914600295188   0.8579004950418703  
-0.8027716283702824  -1.3950279029922275  0.6573288632876888  
-0.828571398450513   -1.3263881904382206  0.6594609835352796  

-0.07760732434316125 -0.8016398329393306  0.8611565355190103  
-0.44614547804783433 -0.7284704327470054  0.6220260596811229  
-0.28373663911029356 -1.0833465804561262  0.9003318612958691  

-0.41085052597699834 0.5926997726667974   -0.34395675363614164
-0.2946691898111913  1.0755497878087548   -0.34082609542254494
-0.2596025493860297  0.8694150217374557   -0.3366789823035427 

1.6878105439645938   1.1027333694517512   1.026022921309874   
1.5944200837547973   0.9475542899416293   0.5949902920917993  
1.5540809787692047   1.082819002762214    1.1178365497647618  

-1.6527074719627166  0.7008735131872338   -0.3135031216002948 
-1.614833742746852   0.7117483547348943   -0.7239693189678776 
-1.8691216522355378  0.8135704682953486   -0.3690117370130855 

-0.8430571649552032  -0.3435342606707441  1.855947549558098   
-0.9267971072993973  -0.8309367681991147  1.4408164764143023  
-0.5904388152674311  -0.5724540823761939  1.8348088499623763  

0.4730911652881562   0.7199414182775398   -1.5879435590833855 
0.8523564274643446   0.8100074883478106   -1.6146457760983048 
0.5387240890989917   0.8226987885676251   -1.8680607674085519 

-1.354434195383276   1.9807765674929694   -0.009350198510147956
-1.3844564764649854  1.85493730378772     0.12101698881842271 
-1.3488070037427817  1.8681700182139054   -0.12247312928644905

1.0103075539065793   0.24511766903566296  -0.5390788279919894 
0.8584963136712197   0.1514272575061055   -0.567981911266416  
1.0118296530263906   0.09546057209469122  -0.16431067136405858

-1.0419634942497313  -0.8435886255516473  -1.3443592462853506 
-1.3303857951005744  -1.1364288149608688  -1.6011926106302106 
-0.9370870081925204  -0.663076950565453   -1.472255032698481  

-1.5374603349141887  -0.5530479844210088  0.918375222497374   
-1.3878345728002819  -0.1713021755291636  1.0180306542780682  
-1.644929715666545   -0.17030427618230792 1.039311438251449   

1.8908435909146104   1.3622144062638193   -1.210817782846391  
1.688853291413916    1.5812110401213957   -0.9905924323157129 
1.8767476639368945   1.3589317453051386   -1.3600899333611394 

-0.654273569682029   -1.375291980058813   -0.09869621771678955
-0.32542933687651776 -1.490706243004423   -0.4892122335330319 
-0.4896252111518974  -1.4971953112582903  -0.24321952276707265

-1.3086803355459233  0.8343301719782693   -0.2716724284929786 
-1.0177647449811453  0.8247126978358177   -0.2689615384977018 
-1.4274563655961763  0.9661794874017453   -0.13683333589074737

0.39766093110217743  -1.6381228121626763  -0.4363060766834579 
0.30114200775351646  -1.8423460275939267  -0.08947213512131558
0.8554595827687717   -1.7144748193560988  -0.26690886910282047

0.3375901475455241   1.8468965569292362   -0.5350742501807815 
0.3178231182171954   1.8301306112921314   -0.3978151535061595 
0.3112143450361729   1.78687638161233     -0.2902276250023337 

-1.0524197097211787  0.010458083682519714 -1.5077653744758195 
-0.6641007330628514  0.4848103809281822   -1.7260300145172398 
-1.0717860414627478  0.27976474769066456  -1.5640100274923894 

1.1023745149669884   1.254513407874482    0.07540584389075733 
0.6734198496831654   1.4978912586381223   0.05423551619062528 
0.941282550249674    1.2231791187366645   0.5378357012530482  

1.1493436154027066   0.9072396384898838   -0.12381840879853176
1.5440202443711513   0.6683002244117866   0.22290858931519186 
1.4852869055257671   0.9719686357484014   -0.13579897940380287

1.9856221459675403   -0.11729019615815725 -1.481000906289515  
1.4466214620312108   -0.10666344492092167 -1.452433171946052  
1.8186620486326115   -0.15848793780096745 -1.6589604062853025 

-1.5319983338588479  -1.1188401637315448  0.19033884370110293 
-1.5334021640385669  -1.389339536174727   0.2743774914670472  
-1.3653595497980375  -1.1479521827743433  0.4598010934926668  

0.5790358386253007   1.0961562318381728   1.4185494347198195  
0.3741754463987402   1.0380624479258151   1.3104919209977723  
0.7868873520329698   1.0642029719847403   1.652301686303686   

0.7177542113301022   -0.2876732504086744  0.892048140511135   
1.0694038762012796   -0.7901682458539135  1.3276169380427678  
0.66020169864811     -0.6096839502145743  1.0159707328583314  

-1.7215781691270629  -1.4367631837727286  1.6118515345300242  
-1.73647876700625    -1.3255782212127083  1.9176059473141567  
-1.9743249643090266  -1.3200050839182578  1.5176993575212419  

-1.186083401675887   -1.5603930095152492  0.13377466655524173 
-1.256869060084365   -1.1601286065060328  0.14911268440001268 
-0.9857793442494371  -1.4902482545599218  -0.2506605277949125 

