298

-0.5823083759078732  0.5534881101758296   -0.2563948955000505 
-0.6482740635938378  0.3802666556481464   -0.20076251240895354
-0.9664295271372736  0.706066784366093    -0.46972814821844516

-1.002747878570516   0.2448683093698206   0.5563268533203491  
-0.7945994222806254  0.1440416564638561   0.04610827703324269 
-0.8217723456000396  0.14371393759964793  0.5320489762782589  

-0.753456848559529   -1.6866662936217778  -1.2392326454100573 
-0.8096526673327389  -1.8656737022466148  -1.102963915769271  
-0.68936058426789    -1.8980627358498336  -1.1004302663117909 

0.5967182305161618   -1.5089394624615786  1.5195139165413063  
0.35664881853756214  -1.6335456346402237  1.207511340878182   
0.6316692957268267   -1.5891998033023587  1.3932247717870614  

-0.6908755973957904  -1.5038612380523664  -0.08325831184011678
-0.572518734845142   -1.5445422293904305  -0.11094128363778316
-0.8107270874222781  -1.704643648875743   -0.22290929223354683

1.2213219576632146   0.32275887077687593  0.4128698092842016  
1.1458067478898917   0.5051573492886614   0.38234061360442756 
1.2978560467290452   0.3505893086528419   0.58646739489073    

1.8528554530520918   1.6333061138004334   1.3113165567929042  
1.9482567708212613   1.1939655694805118   1.451498720182794   
1.6101962574940096   1.7010277763396535   1.4469994026255129  

1.448764084594635    -1.344139275581564   1.0059355986833496  
1.2718044587992636   -1.314083927040969   1.3215903881501982  
1.5204836963823998   -0.9819794003889308  0.9146596011009229  

0.884850706680204    0.8056755406341821   0.09002402171801926 
0.8605145530308536   0.4623341826737012   0.21284040791436504 
0.8208806523449181   0.37355567028132997  -0.2238918177892028 

1.2336744065771235   -1.720750255414249   -1.3327945485503478 
1.3467363254619955   -1.8429311395694603  -1.185285099686627  
1.5719811437974995   -1.509233531180653   -1.065227067840616  

0.46975987123315055  0.35923860830212556  -0.6040520067063776 
0.18219762134431897  0.24105025342114778  -0.6486248086176429 
0.16027389981346865  0.1321122921644542   -0.5257936524681666 

1.9287121646578924   0.37373673521982403  0.009553294203153762
1.7987723224773855   0.6616166501871499   0.4011915859116126  
1.8737773220219416   0.6243943575352493   0.23001712793338616 

0.30933451934895795  -0.8805464040565455  -0.9542975841769316 
0.3723364891197836   -1.2277838818857711  -1.4285074165940923 
0.4025386260681745   -1.0805149771680833  -0.9562628116240253 

-1.856091661296114   -0.8264595094638856  1.3014273047415355  
-1.5394419902290402  -0.638217317627855   1.3505681181837563  
-1.4751830469768459  -0.8439331850984921  1.418670775966556   

1.5351404727769047   1.5094869125381676   -0.18451813690345434
1.816833255896042    1.4936772968769843   0.12669324738394683 
1.7905035513337195   1.3918579998133267   0.05461209413385115 

1.4079993216039586   -0.7613276393765849  -1.4711130589602937 
0.887388252251313    -1.0952199829368594  -1.1635101052799937 
0.9437069189371131   -0.7173022095021773  -1.6345254458040763 

-1.180975706360049   -0.13806425066121694 0.46295349570635824 
-1.3316536262908152  0.2497837139543987   0.8429993873896802  
-1.4162443611497735  0.1778383178104488   0.5265261487917504  

-0.28505533675997174 -1.5336634704168406  -1.0059649378492679 
-0.16531979414147813 -1.6933249520434601  -0.9241080285749318 
-0.3076132478108212  -1.6715184984805673  -0.873335129907437  

0.006224779122367408 1.6038082871668968   1.9654103034596178  
0.06284760834744091  1.646982700614786    1.70467181388041    
0.4115544007864941   1.4905111365189097   1.4945935936426413  

1.3890200422311016   -1.6626651340929508  1.427739326443711   
1.424476401768872    -1.910901015449785   1.6330829442753247  
1.644705872775511    -1.6029652264441272  1.3028655573101207  

-1.7416849535849601  0.3493203131046079   1.4567812823385293  
-1.6819379928629155  0.2311985906271971   1.2287761177706098  
-1.7101511620993592  0.010482540351216596 1.2234643611205454  

-0.7445396155071143  -0.36200160923059377 1.3351765294198508  
-0.9856081310644239  -0.4260713192120186  1.0665735636104772  
-0.9879674538211642  -0.07845513493961181 1.0316012921093887  

1.4590642219747763   -0.4222563696931866  0.7614112453807609  
1.6755402785112827   -0.032996716252111424 0.8480396864032461  
1.6660712485782179   -0.0165562540855706  0.5968053204621597  

0.7809631077420554   1.1829791968249965   1.0184151048605816  
0.4260040493064716   1.3749617767240905   0.8747990084568746  
0.2950353735330962   1.1515365889491265   1.116384401337786   

-0.3614486281965483  -1.062109790384198   0.4692894983615563  
-0.4036809419305566  -0.9096225340778112  0.8277656474710362  
-0.3666861949140918  -0.6422036894235345  0.5628662801361468  

0.5517992631320023   -1.3415011237982333  0.3724021889254344  
0.5915181228824583   -1.7039385093422306  0.375093439897718   
0.6855040339491556   -1.268156518284117   0.27557446680514347 

0.54651260593153     -1.3137197599057233  -0.42868095318437227
0.591165325144752    -1.4344320886574078  -0.41881419132994957
0.6036692575653269   -1.6470190367830204  -0.5320884618305165 

0.893097482587251    0.17255398544407008  1.1874419969759773  
1.2396704319715683   0.29330710938761334  1.6884590041695313  
0.8904536545060834   0.42078758345405043  1.146795931575278   

-1.6653318456317745  1.3409236108308333   -1.6566250167942411 
-1.6819611927488562  1.4378531345285506   -1.619573379835796  
-1.759783739833764   1.161235127913873    -1.3099238711393169 

0.20342523034997478  -0.17930919569978088 -1.916729730350268  
-0.1369943861400329  -0.16547895060922654 -1.6533497670260713 
0.28510399337881576  0.28054661954673576  -1.6117468031184474 

0.1763250827148673   -1.2790587959202622  -0.13854664030153846
-0.11616878869244612 -1.1032559177653964  -0.26107922770124825
0.18812506668142503  -1.0443832246442089  -0.28009865695985403

1.4528615553279223   -0.24805899139146118 -1.7814920257523172 
1.5895775585891414   -0.012045921702447004 -1.52768943265306   
1.7673527955677986   0.24772626008398269  -1.4348586488173733 

-0.759493143209321   1.4401079040403544   1.3199276366497903  
-0.925646903827049   1.9141995872513125   1.0583796126110494  
-0.7070247143704512  1.458588211514729    1.0599918319612636  

1.5554406272611399   -0.999232005323553   0.4762757891255738  
1.4796411751410818   -1.1114200451873906  0.2306694839438548  
1.5889604055452966   -0.9898479292235409  0.08891694224841798 

-1.0420349682515755  0.036757440857751345 -0.014082485762484054
-1.2181826337385377  0.42725042641422845  -0.27735251554760915
-0.873274623560996   0.03947394790646552  0.1083653738732957  

-0.2611727268028942  1.02585741866621     -0.15272911886799082
-0.08315724221568338 0.8883178942263912   -0.10503927712766492
-0.3956317473448361  1.1150657126928731   -0.11268636363747453

-1.131758012376647   -0.912991053630002   -1.637795609706399  
-1.0339391059403917  -0.606417981309659   -1.7508354036761573 
-0.694294278377525   -0.7092294467298524  -1.7967561991673868 

1.519060721762652    -1.0733371108314482  0.9806859970923807  
1.4993593998485588   -1.0852466995713683  0.9665158819758728  
1.5132116568350789   -0.5760094156053001  0.7662431841359333  

-0.13101223911770743 -1.0165843441614482  -0.19098928025022044
-0.3694136897418613  -0.9252873301308089  -0.44648814508676843
-0.5435319560452762  -0.7781199036203731  -0.5066011119517614 

1.1337395645466726   0.8689010391754628   -0.6813570778627827 
1.4217270807779134   1.4005236271354193   -0.474516152665976  
1.3072722221209185   1.052505595529878    -0.7395931780821179 

1.003008442813641    1.7004765080493884   0.08293705029349513 
1.0570311103659624   1.6015845026836426   -0.1545667305757429 
0.8893935875488586   1.5572188907079487   0.26467421597179364 

-1.1610691105605224  0.3454442456964127   -1.950547471258939  
-0.8852465971360821  0.45054868219136457  -1.6456804957498967 
-1.0643607959172452  0.5209199468577717   -1.7659714232018964 

0.1680001613508811   -0.9052075412025666  -0.22091104366372544
0.5338083164435594   -0.9383070013646113  -0.060793905418309646
0.5136986095788925   -1.2827996462770732  -0.29032294212819365

0.753837994894408    1.571185605306907    0.7712430232227389  
0.3932170409843636   1.8803820731309375   0.4792786072211067  
0.6335842000897458   1.8145907037312226   0.389746259613074   

0.962246111952221    -0.42016965523757416 0.5328248204171424  
0.8913140536767081   -0.67346218401296    0.6570676766025633  
0.5738518235843431   -0.6180529659091549  0.8010963063798959  

0.3668911663862634   -0.27502295015268347 -0.5827051608901429 
0.1457346260762194   -0.5527109273695233  -0.8189658132810316 
0.3208594638018218   -0.5399327775611045  -0.8753363709399538 

-1.3941232654660471  0.9288502580206717   -0.11278628307640937
-1.2083015344880805  1.2909185146153346   -0.08759365132021374
-1.6457119244762726  0.9500657994246733   -0.26734245906809095

0.7123549233535371   1.4280829296118296   0.9092317495682274  
0.3658891480255353   1.177678880326115    0.7389969091621552  
0.6428491765870699   1.141647093949842    0.9329661235606043  

0.3145343968571466   0.6231742095584598   1.0105516328731088  
0.8431236153007172   0.4309733633020314   0.8723088095288878  
0.3634514909345678   0.7126891066331541   1.2659954381193534  

0.9291469459548352   0.041855359896969924 0.6535099026491202  
1.2973187389624599   0.19640072249933865  0.7264489169350073  
1.2020304102048875   -0.1557124833195662  0.5807470219417166  

1.244221361923278    -1.4169364523535035  -0.6194885982849585 
1.213530524504657    -1.6899969189333857  -0.3861438428329625 
1.1764516435681478   -1.4683653494069657  -0.6883844092348699 

0.666935816538452    -0.19879499849729088 0.27261135503260514 
0.9975180502642338   -0.5374396142154665  0.04594775858077049 
0.830672460860808    -0.11334706605248168 0.18336436182776134 

-1.450823581946833   0.26374187653875736  0.6041879658681542  
-1.718254353378921   0.14096377670764915  0.5636409489128086  
-1.6937323052019504  -0.1939601639123491  0.6992100587875474  

-1.0768468999348704  1.6447754924457552   1.3198338932667613  
-1.140510644931752   1.468260786740122    1.1543808764710775  
-1.028531183012202   1.9265941418212156   1.206273992369713   

0.313601080463318    -0.11829455230312358 -0.4109042993616014 
0.7052881204663612   -0.13223491710559826 -0.3696408584778349 
0.3069362809184476   -0.2507019833005893  -0.37033970092134616

1.641243294567007    0.7138421024877131   1.5619870473533395  
1.8497950019396843   0.692113581686041    1.908244441952648   
1.7063362387626564   0.6126145819034656   1.7413571559983132  

0.7849074910015903   1.4714986806972195   -1.0572521730744233 
0.6374158688102323   1.3040700799516871   -1.0358440656781611 
0.5725700622736414   1.3904779688714686   -1.0260477776202186 

0.6220868608255912   1.2081427589207676   0.288851013612533   
0.8523065208881389   1.080468549536479    0.14003890288130436 
0.37719474023057753  1.3266435718367051   0.22578535826749516 

-0.7187884620143288  -1.4924946515774276  -1.2348733018830704 
-0.301807313824101   -1.5860598771873438  -1.584882481704001  
-0.7691215150498311  -1.6155492625576175  -1.408044196708587  

0.9827968908867245   -0.7128995236373747  0.5591534117810188  
1.2578774010591292   -0.7469009446349966  0.8353253438175527  
0.965436111133979    -0.7556253475304475  0.8045718810087791  

1.0226873371928935   -0.25248683785219683 -0.8995268306727056 
1.1818204594511745   -0.13183955218453092 -0.898440831131865  
1.3314270077994803   -0.058148388887623303 -1.0744524263933828 

0.9363408868005211   1.0966571518552666   -0.3065502698016373 
0.6762373488099522   1.0993224709976346   -0.2740540767327198 
0.9207121044036539   1.0111462026006552   -0.18346497829996505

-0.35741799227776927 1.319632397063494    -1.3874611635224232 
-0.23819856113530896 1.2752047240795406   -1.3888689885581895 
-0.4311127363052365  1.4239059222252413   -1.196162439911035  

-1.2334369349404222  1.54629654881859     1.5888478053861628  
-0.8673499648979136  1.497807303662073    1.6870807047535303  
-1.3522257222219245  1.2263578603783976   1.5728826452099955  

-0.025430310271164158 0.4940607315280122   1.7868539212004784  
-0.41020618424231525 0.5595526965681391   1.5570755217017498  
-0.032326365847662575 0.7441704454678247   1.4507005857910766  

1.8775852190932734   -1.2825593465057306  -1.4658661471533712 
1.6890638333640942   -0.9969396303831976  -1.697909364180168  
1.9103437551429456   -1.3804816602935506  -1.500833469277623  

-0.5509992010200642  1.600254649763324    1.5609738376648905  
-0.18284288527909404 1.4906215002384835   1.8254410002917183  
-0.09659252283015402 1.5087950003429227   1.6090416765631095  

0.8360426510101482   -1.3783106091388957  -1.767162090995552  
1.1096899732988774   -1.3549360478193235  -1.6606567574121445 
1.1398723299349414   -1.351448057166725   -1.4475876547185003 

-0.03892735799092101 -0.97163215436316    0.4293575528164421  
0.21738568333678754  -1.0623036742958558  0.21508049379280053 
0.16003413499895758  -1.3864763418678505  0.4484802712837741  

1.0821951219519597   -0.3278143352945756  1.025198931434217   
0.8465575694540188   -0.020025448272674606 0.825145774828197   
1.0782838350017618   -0.08263069828083647 0.9465202755730531  

-1.90617855240317    -0.8872101563989591  0.35401149947150323 
-1.7439678987759568  -0.9535234466800382  0.7428038383119151  
-1.9289769194737185  -0.690508334168963   0.33910745949967447 

1.7481133664871367   -0.0922769255709266  -0.007847676472781395
1.5064208803067933   -0.23772427269432878 -0.23292337757551115
1.6928050691292884   -0.43838947861443306 0.26002370682377185 

-0.43749617027839793 -1.1641815593361926  -0.773684873312243  
-0.2908952707920331  -1.2491561050773456  -1.106333495509364  
-0.19425046507749877 -1.2935623976901685  -0.6558851957067133 

0.7133383647672283   0.5627122178594198   1.7247109426853626  
0.7258977102688983   0.3200615615946477   1.5861295842991492  
0.7335994560402277   0.1747720763569929   1.7726845768303519  

0.628581172059592    0.6321273223479899   -1.4620568435151449 
0.9009353396278285   0.7918867223942383   -1.2965378633188116 
1.037018341704555    0.9794439155363475   -1.5528291651769244 

1.4189369766259678   -1.1049614525874498  1.5022169089121546  
0.9986344645783022   -1.0062039987705944  1.6663547062897357  
0.8792769975959787   -0.7974996300580733  1.226896110657763   

-1.7854068340219105  -0.44036583339507085 0.42120326751445947 
-1.8123715929619233  -0.00999355249509426 0.7866737240454857  
-1.8955988835872684  -0.39800377876156134 0.5972433036709234  

-1.048754169426386   -1.3656276072446683  1.8501618230888672  
-1.1248681244794478  -1.272124162353119   1.669434171123453   
-1.183260380530724   -0.8932159605506991  1.7905054507413647  

-1.8355301277403782  1.159446102936048    -0.9106393477921865 
-1.6901640645495106  1.6649888596954434   -1.0399051370726788 
-1.5661825673390928  1.6761895293069733   -1.4145792636646246 

0.5754232211184358   -1.02930853059528    0.12132820294099778 
0.6469343810086199   -0.9875260615002941  -0.013964868377071171
0.8145442551457842   -1.0681571977637425  0.24314341032515552 

-0.836604141324355   -0.7770808961923426  -0.8403026699489542 
-0.29549556540243993 -0.3306323491355404  -0.6978969683436232 
-0.6779769563916901  -0.48244128132481673 -0.4168113250434139 

0.02323154988882381  0.6700389947668228   1.6824889704237767  
0.17827067975599897  0.9362607288837159   1.1622857732975493  
-0.2189736223989165  0.8359885935271398   1.5584168600163149  

0.9021058952409985   0.9151568301913248   1.9140357990053494  
1.3225539549605343   1.344182055555014    1.7094708599105688  
1.3642308067198818   1.2607736462807448   1.5615093191272904  

-1.4167764190316485  0.024420705976013868 -0.45272157144948266
-1.2512887604512328  0.3219983048646343   -0.6499916250628461 
-1.172140497327986   0.4497135851247725   -0.6395095322665665 

1.6044712042717006   1.0887047031872379   1.3680954537649064  
1.7776704924157536   1.0113491897154905   1.26367401123022    
1.5566869812507573   1.2354688021032556   1.23203682689156    

1.6846816903668413   0.03391336201155182  -1.1659803697570605 
1.5842966347994771   -0.04022208679096012 -1.1512959980689255 
1.4902407278092693   -0.11467141331915093 -1.3706086936702389 

-0.1614616841554476  1.7940963155567753   0.5921608252023404  
-0.4556898536905845  1.4866726957600729   1.0900797980546706  
-0.1361886817069124  1.6614763828318133   0.7263064498152793  

-0.7194432003099147  1.5442936176867383   -0.8853287629342775 
-0.9161060027753828  1.5352027115434697   -0.9509319742670344 
-1.0954418032126079  1.5430530862904015   -1.086071384874506  

-1.58041980423116    -0.7848663400239154  1.604969460387226   
-1.5117430759535877  -0.5438569773539992  1.8902330802015466  
-1.4412324163753263  -0.6723551259360458  1.4587601385548359  

-0.2994154427379863  1.2929182742392042   -1.8811986047864795 
-0.4972167109324038  1.1210764218506002   -1.7861456891592606 
-0.41963837841606344 1.043884606015656    -1.6739670603903014 

-1.915271420866318   1.3402418388747441   1.5959671994638218  
-1.4309678506312387  1.2073192172141785   1.9985916991875952  
-1.8769852506565643  1.1822177670155225   1.5924681978118729  

-0.2359904683168193  1.2335319451037257   1.3959787373231394  
-0.40382218529477976 1.2151852413750535   1.2521671056041024  
-0.07844169778671739 1.5553358582981796   0.8665789524349126  

0.6081349428302131   -0.784918221901031   -0.5818282723191937 
0.7437397823901508   -0.6570550059843365  -1.110353256940911  
0.9140614938525711   -0.5635459786882593  -0.6079074307786883 

-0.4421183163890741  1.4205068698943304   -1.5092524312178817 
-0.41047330993052417 1.0170852464547067   -1.6877507219672345 
-0.48755503260098837 0.9502647640114477   -1.488032688059952  

-1.3176988039150217  -0.740440841794649   -0.9663061724597117 
-1.4246266308331557  -1.02994800829689    -1.055490827647812  
-1.1778364350318897  -0.9857784488169946  -1.1109808023378287 

1.4723660300227934   1.2485758048976985   0.3395373567903356  
1.2989577525080855   1.0835629975906182   0.834607194021125   
1.4288805240491405   1.0334991372720366   0.8257414811370888  

0.38365341666969055  -1.6045487543745507  -1.2904163123921357 
0.6438104905051873   -1.3078485000449007  -0.8934413653132445 
0.7385336796719622   -1.714169561373711   -1.000990119300078  

-1.904701714700724   -1.6208778679958358  -0.06755431641617782
-1.6495163183113868  -1.2991282391142405  -0.4704713473079837 
-1.4699051070585545  -1.1520468661031447  -0.012435931656736732

-1.1528561744595274  0.5220615435483307   -1.3627318332773597 
-1.2725128265704722  0.7419466113215226   -1.2520163441135155 
-1.3728100554683305  0.5944988442363675   -1.0467306371270704 

1.8934913941970741   -0.8686842971531833  1.975132945795411   
1.537323093441732    -0.5722469364098685  1.4699224203480705  
1.5180980229316932   -0.9132515955738693  1.557882829593072   

-1.5883608318545892  0.6832839449831152   0.9135412560181699  
-1.4289441069339666  0.41228030718570174  1.1536620621953895  
-1.5407529373717188  0.4588388080493089   1.1480954318492471  

-0.10707543045952134 1.6339955221203288   0.9372840257007012  
-0.18819059367866675 1.6091577892825848   0.6324137205531952  
-0.18509784640141913 1.72901607395087     0.9996496857959037  

1.0320480098548495   0.6701478445930176   -0.07428284215873449
1.2759500872034555   0.3772852891192608   -0.2783688120436999 
1.0642516920237206   0.29424207775777006  -0.4054159218655286 

-0.21674418131426032 1.4485674251401042   -0.7714122972610681 
0.23017090527730977  1.6135280307207978   -0.6947321057312503 
0.22390041551737028  1.1909322383486711   -0.35852747000298335

-1.4526082798951347  -1.6876039682419335  1.48906318360155    
-1.4074091455339395  -1.4712557236491752  1.5433989217486221  
-1.2637331026011602  -1.2490508683369195  1.9466350571812656  

1.2617920270139098   0.10821287346457747  -0.43474161686470214
1.4434875930905589   0.20274264518364687  -0.14683213381960492
1.4324373713213752   0.1601734883104181   -0.32066821444603905

-1.2071770589314508  -0.5999735319035987  -0.9093168382597714 
-0.9754141504072764  -0.7343581879048926  -1.1018963809891582 
-1.017006760997647   -0.5516010226255352  -0.8761766740906284 

-1.7646609804574722  0.39822068697286267  -1.1379847390388602 
-1.7917219605786838  0.6981298898348779   -1.3752651081299396 
-1.8339341695884777  0.6499121990452885   -1.2264203084760648 

-1.351541880459228   1.6222619042345896   -0.35056765085465935
-1.1799424838075658  1.805767669804231    -0.015768228685561603
-1.3822907602085333  1.830493500255134    -0.510955658791229  

1.388430771543436    0.20227818052842983  -0.8381522117714091 
1.3302834393983356   0.19602469890264715  -1.0535985279987257 
1.0169072766524303   0.18681689497894255  -0.9495372563459366 

-1.587198813802511   1.319507310627015    0.438171599697717   
-1.997331793429678   1.6051985207568362   0.40718404280572196 
-1.6570643606378197  1.3825835803941913   0.43179039145926346 

-0.9680579864810683  1.3432685943091827   1.2937534628394827  
-1.2524209586964266  1.2831847207362568   1.2636444951586863  
-0.9848148670141171  1.026166536600954    1.192403663032969   

1.2327585170838589   -0.9706330431008998  -0.5121986933303703 
0.9011284515615845   -1.1078733739640536  -0.34793071626088046
1.0687069931649895   -0.83228568006871    -0.8040518733672659 

0.9294887959840706   0.4787895037399692   -0.32052350730648943
0.8084320593030728   0.27946825407746817  -0.1604046978511653 
0.8085363009338776   0.5275910586632153   -0.41309106409007845

0.7396331554007655   -1.0062875828090796  -0.82228026900766   
0.37615600009547184  -1.385037871896668   -0.6270720019879631 
0.4623649981318184   -1.095671956975571   -0.3590251123786166 

-0.08566304376791528 1.7025575265649395   -1.856993608230153  
-0.08997215449811308 1.4636829100133546   -1.8100366309195324 
-0.32120533153192427 1.7189970986990812   -1.5083156137308547 

-0.5565742824421072  -0.029099266179443917 1.4869668222876804  
-0.6976839230774823  0.05598404145610919  1.6464457124146787  
-0.4912731233973642  -0.055116774245751565 1.8711514960894409  

0.9354527138363193   1.7167978793442842   -0.6607959447048504 
0.9306034571401507   1.8114105932751534   -0.9236583638588833 
1.0476509442662176   1.977961998405272    -0.8034702955688362 

-1.3876636635916468  0.9353991654291647   0.8023789163356385  
-1.44731478757015    0.9180246163833292   1.1366573396567676  
-1.4119228279818217  1.1205098003507996   0.8156762759866909  

-1.2677171096501558  1.30074108583156     0.6310859101750025  
-1.18808211833747    1.4938176060364052   0.7245946879425489  
-1.6915978094991841  1.6216187271681997   0.5434174923594082  

-0.703502137395763   -0.7224280235212305  -1.3181629788696778 
-0.6695938685021511  -0.7870761047774776  -1.2249191378450015 
-1.1196954306411289  -0.42345164086071413 -1.2936461252825715 

1.236005204365939    1.7822935104440045   -1.891846265528762  
1.6314343138215375   1.5215502658838225   -1.8455406980711648 
1.6321989207265695   1.4801043822018556   -1.6562840616179604 

0.020082044551304024 -0.5265831009229526  -0.22741733283572518
0.0350549306499347   -0.39625388709923354 -0.34406384180846616
0.3199544404542267   -0.6730581724975276  -0.4525605045865702 

1.4549029263691793   1.0587102911572237   0.5960675913522879  
1.1853014126914085   0.9278283894612519   0.7672088400901949  
1.6209816799829926   0.8815418943678248   0.7979610476678729  

0.8226464337791175   -1.061840377268271   -0.38219567662087944
0.6606314092752356   -1.1981303127865361  -0.7084199450285389 
0.7848326365040798   -1.3659739536737945  -0.5852148297726536 

-0.2232898855392752  -0.4349497980728135  1.5709132657916762  
-0.5159696177887555  -0.7687455667287685  1.5154004898819728  
-0.28712627814142144 -0.5455566822857867  1.3301014234397381  

0.6794841186394681   -0.6199873607793279  -1.5582077277618462 
1.1214720843463426   -0.8241496762733473  -1.6140500754617262 
1.089753203202577    -0.8328835135241093  -1.2599757890704266 

-1.254553230477544   0.7211765810087349   1.0765047330946906  
-1.3910279990506966  0.7701424600118988   0.7804366941260961  
-1.4418117812504065  0.9088937605208469   0.6902553941090719  

1.6154661168816986   1.0870541008986363   0.3812224142959196  
1.5644487051866842   1.2110604023563774   0.32988515574479593 
1.571576694017427    1.4081685489470517   0.15795822685509503 

-0.9641394762080226  0.39014802161400997  -0.4091763430261557 
-1.0773489439267747  0.49657352603009997  -0.8449473657475991 
-1.3847861423695398  0.8117764797905411   -0.674292016080245  

-1.154223226798806   1.3435428318177718   0.43817778149635483 
-1.175135848922645   1.3706419594384311   0.18407039775352527 
-1.5775099035147582  1.48940472898914     0.3411464676822909  

0.3357489352919043   1.4396267822525595   -1.6838672832311348 
0.01942243440637975  1.5889717276240394   -1.644567932651408  
0.06684670567713485  1.5606838899703876   -1.6042802686738744 

1.0342426902189858   0.8112414264682616   0.32955366968893546 
1.2512432952286323   0.5702313853110655   0.02837992288133606 
1.1953720933075278   0.37488460719953487  0.10523698476952564 

-0.4869719641308435  0.6835490586553836   1.5573855481410865  
-0.38531630459003546 0.8705028692393404   1.676093916273667   
-0.51601116086203    0.6955848323195399   1.2149058589760016  

0.6189902701239172   -1.6747504735251852  1.120118113051608   
0.7853555409562187   -1.8709603830297103  0.8762973296906789  
0.459167737046122    -1.558413850327845   1.0672630653169053  

-0.7207160741825489  1.0108945813871872   0.881533537270415   
-0.5213519294081973  1.1510797370366666   1.111745349868816   
-0.3547768024961486  1.3428654567087168   0.9268990374010952  

1.0704586254084993   -0.3655722110345027  0.5942096552469938  
1.1184034588936318   -0.7303063885612837  0.8319647966533055  
0.8356147825076978   -0.5728568956533486  0.4142049729292614  

1.134164348291649    -0.3247598322358448  -1.1090020910673042 
1.0671656058662642   -0.45169909174353606 -1.1003570083766392 
1.0384408738384447   -0.21410753752359502 -1.1793407138260075 

0.7997733699054305   -1.644269098835037   1.6397998210631288  
0.729711461135669    -1.6713113702808295  1.7736207013490761  
0.5942773988681349   -1.6039355191021665  1.929196304668853   

1.6905173935597038   -0.6374691214659958  -0.49504705909726093
1.4437252040994915   -0.6447799277260292  -0.6058088820880709 
1.6876143315152539   -0.44795335097645217 -0.7329857074082107 

0.441230551994396    0.32349463326764055  -0.3276142714969241 
0.5731575858175388   0.49995424187732923  -0.7663651955870979 
0.36854104900662743  0.12375172137249113  -0.5329434530705925 

-1.295653575257997   -0.13576750584656092 1.6631922014902738  
-1.4082652395479152  0.2183750123254209   1.3975395054086692  
-1.5311752269565433  -0.15426732167124188 1.6352725107772421  

-0.709958883419598   -0.8568715977734994  1.6421618139354268  
-0.9004744661265873  -0.635674624332875   1.592301654228904   
-1.0450115105444273  -1.0067928887563744  1.5252500709330625  

-0.12762000327896023 -1.6925694424249225  0.5951622661577682  
-0.20876902760470423 -1.6567806169962562  0.7802185663138298  
-0.27406084962444005 -1.4242413527810966  0.6593580596960702  

1.097341924622582    -1.5782083758979173  -1.1095378398641957 
1.0911596418707974   -1.820669770236896   -0.7518552300256047 
1.0211744816361943   -1.5393860134509767  -0.6695414948609961 

0.03827230051864566  0.8328701341156608   0.8249996204386142  
0.19090621035058553  0.7823425501482635   0.6932378863042847  
-0.07998646993077368 0.9372036740642502   1.0683839960528856  

1.2760330700325873   0.8518651017605319   1.7563191623933243  
1.191361167540763    0.7643499903202651   1.5072214524362948  
1.5548252719529658   1.118483559466826    1.4968889824660718  

-1.9603152573728302  0.4756709515560068   -1.842562817048555  
-1.5275569564692062  0.3940972365243885   -1.6214550135456367 
-1.9131890267414933  0.29659497722969735  -1.516312598328172  

0.9105626704318363   -1.573833658140471   -0.36336025089551516
0.6760973229179956   -1.1568940615085812  -0.39461976982248004
0.7639355237869568   -1.6306733582726194  -0.2803438141036197 

1.9568709576013523   0.058297344561288766 0.9978702973491718  
1.7658624849743476   -0.23347718848438767 1.3925684130657037  
1.7816765311711276   0.2596210403476894   1.3992612124986494  

-1.579980550007035   1.4698683919292939   0.48569277809838446 
-1.7459137076967168  1.5303448398378068   0.010493957649482188
-1.8785659776911796  1.3507631816506849   0.4212564994242317  

-0.013088960607459454 -1.8544583510901214  0.10789017112225374 
0.014348557904725556 -1.7765110207447354  0.21728956616814976 
0.13713696113520296  -1.7868737240385857  -0.15722935302829008

0.7822117847682297   -0.9003782139748171  0.8710505619556538  
0.4557894140832559   -1.319405487078986   0.7094400666501864  
0.3389458160864204   -1.1939604306383331  0.8156479281455583  

-0.7785933241042456  1.704386421466912    -1.144408080843851  
-0.7551417403265225  1.829677122233839    -0.9758652782277628 
-1.02670619884977    1.533848498181405    -0.9307300552955413 

0.43851916204464414  -1.4870709255866397  -0.2043834160885401 
0.8440487560342809   -1.4183201267671743  -0.16291078005169712
0.5801791306420533   -1.598150838738103   -0.5305599969890944 

-0.8742017351869211  -0.9151695618652905  -0.5288181447695822 
-0.8770448510012847  -1.3569334130853339  -0.4451536165504533 
-0.9613283977125228  -0.9739178651563983  -0.3401019767543543 

0.45972003012423385  -0.317982480769046   0.2814936285428523  
0.08710957151583087  -0.5123944187695659  -0.2415450074786754 
0.376330786120058    -0.46631023587340337 0.22263662032957254 

1.3094645587871638   0.07688552656076214  0.5962837221947245  
1.2054360198471081   0.06296764357927248  0.2995936392042889  
1.24920371409024     0.04189046097947313  0.4988374703116942  

-1.1433015535246058  0.8701339550545324   -0.6625407647980734 
-1.327142355617348   0.8165661804762856   -0.8616757047333294 
-1.3412311413643974  1.1052541781626      -0.8553487131863458 

1.170544475226527    0.33446229109814285  1.298612717852833   
1.1590749066578505   0.293239205229951    1.090588639579007   
1.4034603556463008   0.6990763599520002   0.9453874124733157  

-0.8002908182812288  1.598976395049406    -0.9590576418349899 
-0.6251580368329135  1.4981844959110495   -1.1094924349149742 
-0.983563537430318   1.7546587196991605   -1.1258164766070542 

1.5490959439377137   1.1496151058863044   0.3853946225123701  
1.3751454437715118   1.1868806716918416   0.3435053158688204  
1.3262727190224208   1.288572044174966    0.5078886293898397  

1.3180119262061585   1.6097331844714313   0.66314243559826    
1.6350865662193086   1.2055110960946394   0.5831784218205298  
1.5438501962393503   1.2483330353215818   0.8551541435384022  

0.09849353383054937  0.49739699972657264  0.336890168218862   
0.023753771338499374 0.3812192835537727   0.389531404262731   
0.049337067365971043 0.40606753659703176  0.3190007719885242  

1.844819133925646    -0.5705039903742813  0.8354492897923957  
1.7699555759556405   -0.5455774500388944  0.6720018644047518  
1.464002567257074    -0.3750013490835825  0.692923014128776   

0.7435947909128264   0.8685455540487539   -0.8976379782860043 
0.5814918292778691   0.6655096548562651   -0.913544542301989  
0.6791558539843617   0.6182492865946638   -0.8576007411468258 

1.6877454106851535   -0.9143861403204079  -1.0116494281364785 
1.8581709165288507   -0.9915966574721587  -0.9971210010118773 
1.7507543845098241   -0.7973601399909374  -1.0077485824294055 

-0.38910961856655646 0.3878228810853653   0.8877534788902703  
-0.2090611273900702  0.14239320427700655  0.7619561651990178  
-0.2754979872390204  0.3340956305252592   0.5898652946988563  

-1.8046060605858423  0.9090335603657183   0.6897566045933947  
-1.8335390000303973  1.0270041091921935   0.7658169709174729  
-1.9953619345558875  1.2178826281223327   0.4728430854119917  

1.352710837590039    -0.631052628153689   0.9103444546710038  
1.0353050600463207   -0.8097882170069565  0.9942482966255056  
1.1779125170808826   -0.3434730858168914  0.856932354286303   

-1.4101646874087694  0.9623272719031631   -0.036039304045001  
-1.2335606890443156  0.952677892365059    0.1426246460632652  
-1.3498368973557058  1.139596135961114    0.07900004305160102 

0.9918726951361829   0.5449057712947841   -0.1581751036593838 
1.0972019242623157   0.13058883382919786  -0.5459789061253341 
0.7579808525529238   0.45275020501665053  -0.09612894666146221

-0.16670304355124874 -1.608014421646294   0.9743681970850671  
-0.20222386884861732 -1.8351553528601947  0.7517309814225936  
-0.1868408162331379  -1.6676775593816506  0.6630772909451402  

-0.48901608670803365 0.45544834816174384  -0.5621534881434169 
-0.3464698226805012  0.12657449299758142  -0.5090970324092973 
-0.0569330657606778  0.07622950046195631  -0.8258741919345967 

1.6896841938465408   -0.37929219135285713 0.36048116961454085 
1.4317646875624876   -0.7615309680100026  0.19283316423530839 
1.550405578372881    -0.4612481086409965  0.24264822040683465 

1.0124940555456183   -1.9022983574903485  -0.15008947978542986
1.1381476371024584   -1.5223970926986004  -0.45295049319898933
1.250841456865718    -1.6708396734830522  -0.3132401404420326 

-0.3269223944443845  -1.7639043326681796  -0.7732750970947052 
-0.42973514368782917 -1.8630762612660599  -0.948461755923022  
-0.27315966992248675 -1.9871975537883046  -0.881608223354572  

0.6933147707499745   1.5830514226492216   -0.4598941815739755 
0.470098457332633    1.2024665751277035   -0.370727576463587  
0.8212321655723696   1.5099709965048156   -0.36514805212809964

1.6548894377064574   1.7282934657136362   -0.6380839575594628 
1.708804367296172    1.9812399195000625   -0.6910641968996681 
1.553194827000978    1.536715895504636    -0.385329211092872  

1.427133690570105    -1.3286653615021626  -1.018986664791978  
1.2053491868035517   -1.3612007680271807  -0.8688260414228712 
1.078697132491711    -1.116674206261984   -1.3190500253056214 

0.026450862907421657 0.9888186465396271   -1.0134215355139806 
0.32433992827075536  1.157088447402712    -0.9356076437171266 
0.4717175220323355   1.2108918343948083   -0.6165576310959221 

0.7107891621432134   -0.9478923279666731  0.2561138668183728  
0.5939903966012663   -1.2065009514871874  -0.2524896093537148 
0.4620351037702699   -0.9435993273890846  -0.1588972729297081 

0.07512888818031527  1.404475926892106    -0.9015256289755684 
0.40665102585424684  1.2585564353140115   -0.8683134495006816 
0.48301542593841384  1.459503960869232    -1.0557349951276436 

-1.7759037627017533  1.6212608109975608   0.000415403044797924
-1.946791173080462   1.9007629188491921   -0.015281250283210313
-1.8732967982498445  1.999015821206473    0.07695717974744959 

-0.44793773010324817 -0.057242134028745895 1.5201752858630675  
-0.823378925755823   -0.2692677298252178  1.9120732819141448  
-0.484536674193303   -0.05292224361871009 1.4613960517636313  

0.22606062889353856  1.8630378070970826   1.5228637612921285  
0.3995188004113796   1.4775122983406106   1.5486371287541658  
0.006645868226116569 1.564116052541358    1.3559670358719682  

-1.3558308380573443  0.9398824928977615   0.561829496238035   
-0.9738867855193358  1.0018155295381577   0.3833043029418257  
-1.065115225505592   0.866429343949833    0.48545823664556115 

-0.04247544179862711 -1.6944174720198493  -1.9150227374066595 
0.27973440572973807  -1.6938537252603965  -1.85452821765874   
0.10350229131401045  -1.67491197428414    -1.498789017459894  

-0.05026944926902932 -0.029024206193871194 -0.9501041869653375 
0.08903950716932618  0.16191757559886366  -1.2603072772203974 
-0.09524110180041756 0.15817989074089062  -1.0377090185477533 

1.2940649555148573   1.1496027488017018   1.154418186391025   
0.8723482676390137   0.8575499021812558   1.1347765470667985  
1.1011059611150131   1.2572882803701915   1.0160388963111442  

-1.5688044468266173  1.9008206940841523   0.2327175461681238  
-1.4271904149562427  1.797503330464062    -0.16757904632593956
-1.3849764991489892  1.8953601507233944   0.027548877517727888

-1.424200410465681   -1.9390937762354978  1.0543400292298797  
-1.1586796201448726  -1.8578472548817604  1.348918557199416   
-0.8991309496204372  -1.4747425185317464  0.9190482659416161  

0.9633310963825403   0.8390602503536733   -0.697275354154953  
1.3723250370215967   0.8160803461761075   -0.816388249141967  
1.2969914050575122   0.5316046715443511   -0.7252136726238305 

-1.2082368018722074  1.7007800932381498   -1.1065707571632506 
-1.2262864269474312  1.4308885013632353   -1.210973180563826  
-1.6345502908660863  1.688294956916604    -1.0501860629419992 

0.6945555219871571   1.1000327067212643   -0.5905944426894324 
0.7172287830223976   1.0188647301158804   -0.4003633053162071 
0.6916115553304781   1.1060466425486575   -0.522558935002305  

1.5527172004428422   -1.5927214847316669  1.5180562895878371  
1.7243386800832976   -1.4009012278787079  1.376629449297829   
1.5125434627046543   -1.4869675799986992  1.403487720176641   

-0.29446142995379065 -0.3382383716938764  1.5264887825214042  
-0.052046617459178934 -0.4165741521289729  1.558072897633236   
-0.4164501154019834  -0.8198942697833722  1.7275923845026548  

1.6766394418166275   0.2520869009509081   -1.3169300742589911 
1.8303913224988395   0.30972645019650913  -1.3427151475802108 
1.9962722739760594   0.19508704491881856  -1.0959145070570946 

0.13061251912015406  -0.023295454976443142 -0.44288391481996037
0.2523398664390528   -0.17255441651950643 -0.27259476992943654
0.06440509662207938  -0.5085332135476912  -0.36394625680824677

-0.6730313593706307  0.8392254109206918   -0.03030522859592233
-1.056465540044933   0.7699113931360884   -0.10351477489163308
-1.1202203707700655  0.8181718698216722   -0.5132632219351213 

-0.6912240893870436  -1.0683395220438956  0.18841886982171124 
-0.4827325451729597  -0.8640025913304419  0.5622916581924476  
-0.5295331526691498  -0.60161073995681    0.48269736201841196 

0.16807342073547127  0.9219544735902978   -1.2705013542644856 
0.057205993050848114 1.0814448882312646   -1.4568509485170145 
0.2452318825969092   1.1187205196626007   -1.266889173679882  

-0.41906846279613363 -1.351231225333905   1.4135853594764574  
-0.5769670291634112  -1.577960411159588   1.1367592281482026  
-0.7052991970435561  -1.6146485299793123  1.0414361686303628  

1.7009643489549378   1.4233451203773553   0.6272343967582723  
1.3348565282268188   1.1506939254835935   0.7888035548305812  
1.3610298382260455   1.2168512900702542   1.0414386780208127  

-1.2493693679985118  -0.8773552988307091  -0.22316264529899865
-1.337134899557249   -0.8612701335580868  -0.27411833468803276
-1.3957737137239719  -0.8792502864041115  -0.2004572075987162 

0.1807116572035748   -0.37717398186391216 0.7000229408588585  
-0.0842882441367957  -0.7798378732014092  0.592065113987594   
-0.07771988084624079 -0.3961510397883978  0.6838958889659332  

1.4271470348534478   -0.45702663206127797 0.07935117805669906 
1.0030670330198197   -0.6742454165877503  0.25075033588444556 
1.0969096690096227   -0.37859268395425516 0.10274834411913888 

-1.8328069243719107  0.865025125758649    -1.344481430288159  
-1.8254255287948673  1.000511150221771    -1.3768512061215645 
-1.8796068553919916  0.664495665531329    -1.1673553360211102 

1.1971943269886252   1.6565921255964977   1.391370674265307   
1.2936038615196115   1.5347690589618752   1.2910405979873056  
1.3239322310100348   1.5143136931451826   1.2667313270967413  

0.5082772171290301   -0.6285818964520555  1.4181705398551778  
0.3114412269527156   -0.8647463632713115  0.949259737476956   
0.7164072264596474   -1.1041868077828343  1.1785142744976644  

1.1931470485934854   0.38102189037108763  -1.4144222824181238 
1.4976906959157053   0.38342511225328135  -1.1611078202266665 
1.46067129109484     0.7572067937046322   -1.6388629670164088 

1.4993097775166522   1.5965510742172144   -0.1999979924701067 
1.8691529049526956   1.5181194225142511   -0.16962411673389843
1.800412349388946    1.4994335864012514   0.2126069019819984  

-0.5476650617430373  -1.438946386266005   -1.8724899836586402 
-0.6781612533756033  -1.8416461459593876  -1.8173226933266284 
-0.28833615185028616 -1.4730570683763045  -1.7894151226332111 

0.6702236719874229   -0.05666420446299103 0.8285771715902719  
0.5792241670496725   -0.48973511156548843 0.9478071221606923  
0.575893109953175    -0.40139315249994645 0.6209724270991359  

-0.5915538424752168  -0.928909993442605   1.1731289454318794  
-1.1152633661228717  -1.2081429626412374  1.4059668901779334  
-0.6100587943259768  -1.0832471304921236  1.2514391160312406  

0.4386384873288526   0.07344992148056889  1.9154523925473135  
0.7656894484548513   0.14910277470132377  1.4497586495059882  
0.35465069882529465  -0.2547996459230277  1.612264008643952   

0.8828356669642664   -0.24826669581430125 1.1397491478136272  
1.0834688722197428   -0.07834919196940854 1.0824910988731618  
1.3108717661971587   -0.08033396860993636 0.953160771748234   

0.7088796586357031   -0.5737414591480192  -1.8864355812163156 
1.056154637277492    -0.44732684279152196 -1.6774499099338587 
0.6318627310190758   -0.7583098568377136  -1.435634503146356  

-1.918220861133608   -0.2528886186289494  -0.20281068738514352
-1.6228217243450909  -0.5287234111213481  0.04167032646755725 
-1.820926341338056   -0.4086142468991033  0.03465626863860721 

-1.3508835038655294  -0.3327523768561874  -1.4714561989135533 
-1.5033827129646276  -0.5217345043298315  -1.4559727275315995 
-1.3690982677853483  -0.21227485751971698 -1.5553380365724894 

-1.719449969514099   0.14999067408900388  -1.0535910743443742 
-1.7730349372125993  0.26011554761087     -1.2670557267078326 
-1.8812910214094387  0.3611625032509518   -1.1982789577735078 

0.34277011536623253  -1.5345099165517595  -0.19032530303971112
0.5527346659985881   -1.8045657019722845  -0.0962589686335118 
0.5162752654574916   -1.7473987348776756  -0.21295464863680424

-0.5927451146096658  -1.368914691334561   -0.612484629644713  
-0.3331936639926478  -1.3750490247062759  -0.5807712575256323 
-0.5662452800929894  -1.697297502472813   -0.30997645847455857

-1.6271593198911378  -1.119829612612556   1.1909403076037297  
-1.9593874318925588  -0.6359449712137536  1.5176186944081     
-1.799219099846239   -0.6653784617636614  1.3448248250317598  

0.6069717466999387   1.6524169796125467   0.48030462532198115 
1.0342259557956908   1.3819561717269357   0.12122915560921621 
0.872679838854621    1.5249225562515667   0.40310745778910184 

0.7699030485249525   1.7859238890914448   -1.1852123293252435 
0.7881127205290145   1.6935347013577176   -1.311381417701722  
0.6643501875176869   1.536733799683993    -0.9968281392770231 

-0.10471694927036074 0.9321233313308146   -0.2196295299334748 
0.020927366916828116 0.696109292066834    -0.13804706444803488
-0.02141805986033718 0.5808454071045754   -0.31412999977158956

1.2129441288448761   0.7126979923981175   -1.6017085540804503 
1.5472151672793284   0.9153001589664926   -1.867136354056271  
1.2750672206766993   0.6139282404458517   -1.967112639533603  

0.09329421356739628  -1.8826658084212324  1.4674337239650455  
0.19088485985112533  -1.6972760155543156  1.6155546766520519  
0.1098978926757877   -1.6827184032861258  1.7218019199551102  

-1.6701114425224097  0.25536092717680986  1.4173342801013264  
-1.6335535837304893  0.18479901803394733  1.3075622636137965  
-1.7602343503266578  0.09779973597629749  1.0547509561390378  

1.9976803185886503   -0.42518283418503455 1.0960363667900155  
1.5842696247709873   -0.008516638553923928 1.1201253667620295  
1.548052099821335    -0.05827125578362857 1.1401389695037147  

-1.2625246062625002  -0.6367476882957915  1.7784678552539182  
-1.2584445840674825  -0.6295555622143807  1.4992811398154298  
-0.9374448637403521  -0.6044202807848978  1.857333856151821   

-0.20453715166657188 0.06006381554648821  -0.4056352203624647 
-0.49886344405632826 -0.2228157518652243  -0.4952231538879305 
-0.22717397971444786 0.060467345481147794 -0.6348026152917606 

1.6429161367149776   -0.03692136121620512 1.8076871368382446  
1.9485854853754119   0.08537251790003064  1.554833221485347   
1.7300919316928198   0.19791909643806627  1.886914014926536   

-0.2515233113632782  1.3837460266722754   0.23831567536301274 
-0.00130316105916356 1.691275393594927    0.3176053326473     
0.2850656247693989   1.6230458820747984   0.5605216600441375  

-1.207515045906812   1.054748960869361    1.4622142189733436  
-1.7033676830502607  0.9263837519020734   1.7843410690720896  
-1.271565425579492   0.7538223113944849   1.5307507668889857  

0.4628560286361785   -1.0056907545821714  0.724746513895416   
0.5509518863799332   -1.3977221949876129  0.9558684386731983  
0.3407949894619467   -1.2849228712557852  0.8470075942136954  

-0.18990609314448287 0.6254179736110147   1.2543621473306468  
-0.3238246468108156  0.7991907090864966   0.9870435335886205  
-0.14900125283080307 0.9418183750716711   1.2619240479404596  

1.2759757274391887   -1.355916347149856   -1.9854593028971392 
0.982506117736001    -1.3991206312781768  -1.7238971070807383 
1.1677688151534487   -1.5411327763126486  -1.747108842373463  

1.788238569904556    1.7883612315030488   1.6377155732053306  
1.8901732822140511   1.845437048002594    1.8882864725793593  
1.6629758885021342   1.7394484356372961   1.7920553854917007  

1.529951520916629    -0.7606435732841448  0.852444845608719   
1.4428323523806692   -0.3358029744661746  1.1025488495539348  
1.6890568571677131   -0.6521755854306157  0.9209110073467945  

-0.77028885635409    1.4941729629095297   -1.0719055887039488 
-0.6562717286264359  1.4257711520816791   -0.6983512117810217 
-0.9115737462853573  1.33781830215083     -0.7562879315592302 

-1.831980404335681   -0.39892780076419343 -1.5413467152334315 
-1.5450768184618873  -0.13071126304856556 -1.5166811747303732 
-1.545859187035018   -0.3761702201071124  -1.2035504858116128 

-1.5158880354922615  0.008075652258875465 1.977053432378109   
-1.504577144905158   0.14614623658831377  1.9878839820283858  
-1.6763509960115104  -0.14134208094824205 1.5392518574461118  

-0.8951105377021068  -0.028405948273077963 -0.6076416999541976 
-0.8626818401420995  0.22678853267437793  -0.8493707756579592 
-0.722766503021729   0.14658404247006324  -0.7946730566653972 

-0.7478657944755955  0.368063836404884    -1.6186964624163087 
-0.820171210984681   0.3447171654367853   -1.4049183275003092 
-0.4002244909786376  0.7789271402381812   -1.6246698711346457 

1.0244134079835368   -0.23179052661487104 1.3222974713500018  
0.6166715324971036   -0.4107728434192164  1.373577854780463   
1.1000221083015793   -0.3856747333415419  1.342313842370594   

-1.9291992251508878  -0.40087692982603096 -0.35371033177955197
-1.5807932808650287  -0.47498265582404137 -0.3270542916133505 
-1.7473570977242505  -0.4096022807394739  -0.5232638356000434 

1.3679462685012695   -1.1569693944441357  0.4510983020935009  
1.545552726024264    -1.1708052493372092  0.3097956234723944  
1.295755567849344    -1.4138482965630819  0.32107935428280815 

1.5220667117922846   -0.014140677677477509 -1.4730567265624341 
1.9179756072356877   -0.31545600279582087 -1.496800763091729  
1.8291051986581723   -0.1958030192759017  -1.9012534109948982 

-1.9846822098672137  -0.7277833958048965  0.40233835581445115 
-1.7127349477469704  -0.5388074810334177  0.7964157303560084  
-1.483947576106614   -0.568216456899125   0.7715539209407888  

1.8084525626408947   1.2947637597248216   0.3857118399719912  
1.977041609147408    1.5711201245562032   0.3556585284945125  
1.957241906719243    1.5361016835068222   0.8144139902339651  

-0.6409758912201166  0.1666142761328594   -0.7834431717227934 
-0.9859366916945546  0.25709849318240774  -0.6223417894117237 
-0.7344041785844828  0.1721210758533881   -0.2920384252294387 

-1.0206039277791803  1.1787700243282866   0.827005653142387   
-0.5759382402177405  1.5644400297858547   1.1287373170664763  
-1.1237624730929643  1.3284239026688396   0.7858722482614383  

-1.1547564882151071  1.1377257348027796   -1.524997692412381  
-1.3427717752618338  1.0253379508239868   -1.5157285231499993 
-1.4659363372678333  0.960386425723974    -1.6310806325747282 

1.1239267730711893   -1.8888967339642826  -1.4609718422322033 
0.92406400528407     -1.5510311086047452  -1.60725011477178   
1.02274345933164     -1.5905950778768791  -1.2169696034004125 

-0.7879951427298149  0.9367764818940088   -1.3482276406177784 
-0.7808532549570487  0.7027681563781503   -1.3166906236471498 
-0.3678764469608849  0.7258232560938619   -1.197287205780065  

-0.5703607122304765  1.1169350290002251   -0.3203712862400857 
-0.4653078433740015  1.0612307632911286   -0.839891200326622  
-0.7157310903132867  1.4009471834160905   -0.529774336786055  

0.9951456438812651   -0.9263174941691672  -1.6431423414995032 
1.1480317815530774   -0.9575026235496646  -1.602460203449217  
1.190474523889707    -0.875285840730103   -1.3831754279289878 

-0.29024982689616735 -1.1097009232251414  1.0373145140297824  
-0.0021056770125497115 -1.0317397914912145  1.4156998830463858  
-0.12960547480770468 -0.8571983120450657  0.9503777779638142  

-1.083711282728989   1.6583128212509113   1.1809984613912594  
-1.3101693556133926  1.5453134400214985   1.4844821097752057  
-1.180144428471293   1.6501233807942914   1.6305756375913187  

0.184230153173565    -0.0237872699438475  -1.4807608676031552 
-0.231251253042009   -0.3142346556534565  -1.4489147371087165 
0.14164900508693734  -0.21747749254273235 -1.4850532662203713 

-0.6043187422882688  1.8397956628654393   0.33118708236958627 
-0.8997024655014125  1.4777508302442084   0.27175335251989147 
-0.6373738416941478  1.7016221188457465   0.1047640829477402  

-1.323272317265116   -0.28372865093087213 -0.17511322608808044
-1.2548038892629765  -0.25370253800865966 -0.047667455272253356
-0.8857661928139042  -0.09338268533094002 -0.27757126781454705

0.6646852994585732   0.0802217952142793   -1.3575904795237381 
0.8545617847826223   -0.13100917380467214 -1.3665618957735255 
1.1357711986641916   -0.009027230595047064 -1.1854658389938562 

1.663643123755598    0.2576528322441224   -0.0013942254726738157
1.4942748059953104   -0.11649702260774339 0.22978835181017787 
1.5750516156255367   0.16880152155061268  0.2759064033500327  

-0.43128025123929636 -0.8610696567646404  -0.3132837676584669 
-0.695652384492019   -1.2777607844170085  -0.3196197863058087 
-0.4882373493658357  -1.2386762580242001  -0.36815693748226763

-1.559003127413554   1.861328421830105    0.002952623772484897
-1.6695191404401102  1.883110170225443    -0.08278026605500319
-1.6188395878673314  1.5925961057954525   -0.1243815385267956 

-0.7863649549272405  -0.41203467606878186 0.9155720836206898  
-0.6591258439829759  -0.1135449639876348  1.0890107289423296  
-0.33764098090446215 -0.24948748864670123 1.0536425097994555  

1.7796686743266061   1.5968923172171037   0.18165695481610955 
1.5137611225480925   1.5698526282818017   -0.11445791460905858
1.947392680197161    1.243795249655774    -0.23531315443350892

-1.6211439950849051  -0.44928416478499933 -1.6037358642171675 
-1.6100994697444808  -0.2689318048862904  -1.493893019175662  
-1.6029669067748509  -0.5000936787825373  -1.52210897058762   

-0.2942107687646678  0.16433552386466524  -1.2377948435760546 
-0.44742402523080405 0.3789803439131838   -1.7137737854250639 
-0.4016288132622827  0.3049273048362799   -1.6506932155078375 

1.354371791939377    1.4932444998762795   -1.5236855514139487 
0.8944410427137657   1.6486732863069224   -1.16541267048388   
1.1248770356563655   1.87318428008223     -1.3004570058086762 

-1.8523222585012598  -0.32238902661406943 1.7379977699362983  
-1.7878128974984293  -0.45150815361240293 1.9604094923407402  
-1.573285260329643   -0.36599454539513765 1.717109072813044   

-0.24556072483307523 1.3482278359034716   0.07854064501620897 
-0.018506782721291637 0.8760729177968359   0.4976192437996501  
-0.18939914637056815 0.9601824140384722   0.1431906628754579  

1.8046769782647638   1.4871996252212631   -1.412989799356799  
1.5515720151403103   1.6252855482572255   -1.2170195292615698 
1.46923035013989     1.4378976637394036   -1.1686256058668922 

0.0670865323895164   -0.2788743980862905  -0.07144269961226762
-0.2338470178947815  -0.4995726138378733  -0.49385354092345074
-0.006562846443314119 -0.5111889694832418  -0.251995058375667  

1.0727254459445417   0.02907180801980791  -1.0185310873016482 
0.5902013940225146   -0.09260728962696885 -0.6684390542209994 
0.6901565532519236   -0.22104192643202247 -0.9438990747044692 

0.2537842771811655   1.078529937547521    1.9281759220865642  
-0.11747505841603864 1.107929261718956    1.5777003781802326  
-0.2816997617101645  1.1640010246372365   1.6887320640088257  

-1.7381427577821857  1.4605736953766402   0.23658077816636164 
-1.6295875223879834  1.5621313904608474   0.34906540813907416 
-1.6547714405596006  1.7945067452332375   0.07886388434635688 

0.36232228865254684  1.3466660207400445   -1.4767980718799991 
0.45800432061527985  1.324317612401089    -1.4861136155109484 
0.8364796462746621   0.8689814441388692   -1.299097703813158  

0.6265268396091113   -1.3167305928699162  -0.7491028581307966 
0.31318807051399283  -1.085269599805364   -0.31942731418832626
0.5763357337075724   -1.4129385678560393  -0.7030575133117066 

1.6503427416640908   1.6776844666805562   -0.6665035276200146 
1.826519248707051    1.808389400761463    -0.42430671487889443
1.9480014091259534   1.7725233293007212   -0.7662210622404397 

-0.7543074141514053  1.2646907701362167   1.6231627957751182  
-0.9924766081007516  1.4180505167228967   1.5674126524898795  
-0.97985908336726    1.2837013587176447   1.527786780542532   

0.7830602016785162   0.6535926665308257   0.028860549260458446
0.8820013807186788   1.074807803089484    0.5140268266519735  
0.9454566286211424   0.5751719539610638   0.1422353103470038  

-0.5698629822497788  1.8875653667983836   1.5806260639767875  
-0.19422157383445382 1.743142591663081    1.8097990421531236  
-0.5514511428913337  1.99558411185162     1.6086228457551117  

-1.26943661265134    -0.6124016351669124  0.36939433668019295 
-1.496284530846982   -0.6236978831107035  0.6669672040130326  
-1.275373946205154   -0.8530638609382653  0.604319917405203   

1.1272904826432493   1.2850306551924457   1.5043710106882542  
1.4043373726216068   1.3873724064018877   1.8799153291291608  
1.0571766315157096   1.6622978370940484   1.6216369797834036  

1.3463731948560105   -1.2996251652303508  -1.0535235523249948 
1.5549194533766477   -1.2598594471330617  -1.425918660155303  
1.2132706890701437   -1.1340487818128089  -1.230977804056056  

1.5013401374019282   -1.5860529642543428  -0.02359886721214599
1.3106127438460162   -1.67645448795724    -0.08100373154363494
1.611670312108       -1.5921655645593369  -0.3082291366271179 

1.7761590527296276   -1.4558612731414464  1.617204810691254   
1.9849477685253087   -1.4993943556227953  1.4867720775683226  
1.7488890708749452   -1.159886518588861   1.8177971236852177  

-1.2441625106669512  -0.18289350582051495 1.2233031780622747  
-0.8803550113755153  -0.04047323886151391 1.2504206432895417  
-1.20677827526031    0.22673083938204752  1.6450219717972174  

-1.026968839133794   1.2866109478423073   -1.1963735872460108 
-1.1100871944499888  1.2156922113789403   -1.252467637736896  
-1.0575192778896265  1.3859081903798272   -0.8628235906037981 

-0.04672544864882086 0.17752444857217725  0.6965324523272789  
-0.009909036107065006 0.14409790064827155  0.7973184007850947  
0.09843160413467755  -0.11075481824928321 0.8425665567756929  

0.8687207315028939   -1.219012546671681   -1.333418917305618  
0.9804790960235099   -1.6254227475473033  -1.2570592005234593 
1.0879217408429869   -1.2903963476577043  -1.1922340826215012 

-0.6582247359254035  0.6086444259852577   -0.37675773566175   
-0.9911451685977998  0.5504127915575716   -0.36663368632577487
-0.5728846205305091  0.33278754889101203  -0.7973540752974626 

0.9661324397707274   1.530426156011237    1.4659875225449452  
0.7745608596742104   1.5907475635811434   1.986918358339092   
0.7199962520309247   1.2551676022068543   1.8909716126715141  

0.47433350749427544  -0.0541914730207427  0.9150180440441303  
0.3295700666962404   0.05188808966442526  0.8077179069500303  
0.12593035383510057  -0.28143668354774726 0.6226713580300344  

