283

-1.1800472405109355  -1.7275707438631782  -1.667814406598852  
-1.3093895893551015  -1.85994342743648    -1.415849510442229  
-1.0217516042299497  -1.7301923308051457  -1.5858764683890545 

-0.389577292307695   0.21869441114524138  -0.36024154175700296
-0.29105026864225514 0.035644820152907875 -0.484268501014583  
-0.4779199130836294  0.521521975738195    -0.142560960116409  

-0.05072370670042681 1.3434119003224807   0.698787897364133   
-0.32833454398609435 1.1438177634815483   0.6238377225078685  
-0.24341952425064978 1.360231322577773    0.8151781432295303  

-1.220492931152177   -1.6272940801413365  -1.1827354571318092 
-1.2032708375219239  -1.344382917223132   -1.249629677202103  
-1.671258969493432   -1.1886856307507352  -1.3853641431484418 

-1.16543583091583    -1.2819263146476143  -0.1865241550977958 
-1.4422824762153454  -1.0328485244806078  -0.033291028298656766
-1.334251273060191   -1.3340755959501935  -0.1284600057587842 

0.030816733905658922 1.326540915426902    -1.6335257245192236 
-0.16190068037200117 1.1775120421262197   -1.510003468945148  
-0.15191280387962092 1.4801637345695349   -1.6999758091644472 

-0.33961306427948973 -0.9195542348185125  1.062777853969729   
-0.19364080241814896 -1.1120074552641903  1.0035013212374155  
-0.48848726573128604 -0.9983403964732743  0.7018262501357262  

0.28586095354923136  1.2683892403810348   -1.944953831218239  
0.6685140842159214   1.6446328576403961   -1.5420532221590035 
0.8209337854807996   1.6322780044949117   -1.497247053497476  

-1.047817292592962   -0.7815972916060203  0.9331881869302419  
-0.6700931727758539  -1.1283359236209176  0.98130496565205    
-1.0844730828514633  -1.0054541420292908  1.0361560386554942  

0.2685157588709641   1.8834130654932941   -0.14547201330768694
0.2779223942556551   1.5518447500116832   -0.3808820036005426 
0.13610342456575408  1.7746957526520635   -0.07027433939012717

-0.488710373539521   1.396134686734122    1.0320620285158708  
-0.11217887252855346 1.1948839446735866   1.2187969291697718  
-0.29275039057720886 0.98684684853025     1.1428105657935563  

-1.3557588020301226  -1.3852456873390278  -0.5525252548320838 
-1.060225746378947   -1.4309922510500113  -0.25359482937887695
-1.171511450115697   -1.2945397992250935  -0.1774368573489209 

-0.4555587987562961  -1.4523110446963066  -0.5651424622359678 
-0.49500509450895847 -1.5117903444272471  -0.41182252788695206
-0.46479956426736635 -1.546602689315164   -0.7835974631419031 

-0.4217598456105127  0.11500263032988473  1.5192721161185032  
-0.29038560913403855 0.17876772865040108  1.4862665639213803  
-0.5625385554672795  0.4557421024793028   1.7687522697122653  

-0.1748510568452948  -1.1917162113629305  -0.9245557087345553 
-0.15902679479801732 -1.5292565300530612  -1.4107798172311954 
0.012136837018811908 -1.6273141385774064  -1.2645068679898128 

-1.7340070770782723  -0.48432034079287645 -1.4329892687242944 
-1.6953102326472353  -0.7204949293140596  -1.5101979490784792 
-1.7208022952368331  -0.7805520253296259  -1.2934085695462716 

-0.8599300593644621  0.05890961515784576  -1.6042633850036117 
-0.7154445162962073  0.05295825882862698  -1.2320638302703726 
-0.6400713480773748  -0.1662417493668412  -1.4865906825464843 

0.9949368891073899   1.0009475336021796   -0.45329982738892766
0.9859452621926011   0.8973246667481274   -0.23178538839939977
0.9684480555451214   1.1843585523006004   -0.1931178474140095 

-1.5207075197970332  -0.7386492966984044  0.7786780995544662  
-1.5141817126114052  -0.92705006739046    0.7343124071271582  
-1.740018104591564   -0.7377812817616868  0.4699676007871303  

0.11493790726720635  0.7753854165741256   -0.2154733024003166 
0.26566901144700533  0.7806211319500598   -0.042534747415875374
0.3018579110997414   0.5403398860039033   -0.08983148288663056

-0.9838413793508503  -0.06829844104265714 -1.5754525949180858 
-1.1175709645269887  0.023088464288734456 -1.4400670043683388 
-1.402487317681101   -0.24555975830129873 -1.5208447101869242 

0.8092551852480396   -1.6159315914426535  0.6279692709009981  
0.7889620714298428   -1.3954531166256563  1.0965251813978836  
0.40324088033631894  -1.262503972430538   1.0638235691752418  

0.5436666913895842   0.013929329787947808 -0.3673567844975081 
0.3252980263438323   0.3003054907818299   -0.3016383417455839 
0.02904379216307934  0.27597867829651923  -0.47520332829185485

0.625885723924384    1.100439476881114    0.9094400208982989  
0.8085772691139075   0.7364064676158573   1.3587962691868982  
0.38291769185875246  0.5938074476266356   0.955713504062749   

1.4569540366774376   -1.2066289904613914  0.8796147787765158  
1.9184748626148775   -1.6344759228105383  1.083298995629161   
1.6831313785441306   -1.6344515217489421  0.7412541886174058  

0.8262600969712965   -0.9688187182835787  1.1229577021018842  
0.9177021689252727   -0.7485102809323276  0.7546063522318605  
0.7618643725300667   -0.6370460349986647  0.8672025297874042  

1.0861817783110899   -0.9860524085907405  -1.9557940725049534 
1.1052720339375557   -0.8827634168805023  -1.52429678977932   
0.9503880096371679   -0.673712352481197   -1.7244081628053387 

0.6081833181042301   -0.4485843891241059  0.04986941614121093 
0.703257441016423    -0.7262851686688898  0.07588020269512841 
1.0950341106366825   -0.6654965313633749  0.25483412193314936 

-0.597138585789498   0.9454113373422649   0.7373748165738047  
-0.616868302153543   1.003211563940423    1.088250871724727   
-0.5027342996351158  0.7764834282808022   0.7442570523188509  

-0.0061459913617121775 0.6710900437487125   0.9221967500288756  
0.21433586111903202  0.8535963276777527   1.1207817088305352  
-0.25337499193912966 0.2859135526335859   0.9788379511689542  

-1.7158760230994754  -1.9771074823399934  -1.0239919422380148 
-1.5489039712902595  -1.438103271335635   -1.3320587746858674 
-1.7681664129256178  -1.900323443614552   -0.9475712892681598 

-1.3583275605012204  0.019850476673721584 -0.3335652972603089 
-1.024949943112579   -0.010167413825218519 -0.564287171835812  
-1.402248627075942   -0.1405919104732252  -0.8180205733808271 

-1.6313253727039314  0.3837838280075722   1.1500321554567945  
-1.6427390094880758  0.45112058538794286  1.702905488286641   
-1.449365800244129   0.851991913958667    1.5977927734631145  

1.9854439103994808   -1.2915877666902038  -1.5965162389728016 
1.4646413572217274   -1.1725514031087565  -1.90552822421984   
1.543447322539688    -1.0555042666210417  -1.667510829753955  

1.6829360226186818   0.5776025448322848   0.23528780541902863 
1.9374467271342182   0.8316591917154288   0.004417095676502947
1.893163680771806    0.590061542694688    0.16585784854096147 

-1.4178520937152645  0.6899913328494607   -0.027159131987290586
-1.1165462062890508  0.7244257632807016   -0.5253235906812084 
-0.973371664547446   0.7582448234950359   -0.16028753992267042

0.2938980129027034   -1.924974960591389   1.6804746706371407  
0.7132888380181177   -1.7218400582807556  1.5746107789500134  
0.8378768918991758   -1.6926885163496765  1.6926741040901425  

-1.9171359419076546  1.4281440748449672   1.854213154403614   
-1.9145144262484788  0.8816448902822438   1.5856656364776573  
-1.5171196600946197  1.0417732192454352   1.6209259944753989  

0.8055081313506075   0.03744210657614028  -0.03396749313160663
0.667940025630444    -0.20196136253023106 -0.2758796484783442 
0.592895909918634    0.23646374510560997  -0.14205613670759676

0.3772621886778932   -1.892044461945918   -0.8161275839342219 
0.5785717723562114   -1.972380807502567   -0.5065637052001701 
0.3174973047921562   -1.9066377354914352  -0.795260678376517  

-1.5964981461039929  -0.3429377929703393  0.10710327326250266 
-1.179183784576308   -0.550646998433243   0.3344335729112081  
-1.245534287824393   -0.0804491589211988  0.4957644399000025  

-0.9003046057697063  0.8871287005746513   -1.6462723261635457 
-0.9390155310403544  0.6298313829511528   -1.3331571507219562 
-0.9193822902782773  0.7354396061122546   -1.7026162528157123 

0.14768506008489568  -1.477764490952196   0.6997068536540857  
0.06770414305151096  -1.2642047624830486  0.9385493293607039  
-0.12156153600730521 -1.1976069733850578  0.7896656869607802  

0.544225158674575    -1.4210150081231185  -1.9920102990560842 
0.40301652171371205  -1.348200463306434   -1.6104077708580544 
0.3632463655722581   -1.3005475124769432  -1.7489049805118797 

0.06587346877414957  -1.2245048188118468  -0.21722375550875095
0.09999632218459115  -1.0182588545697495  -0.15871312282732486
-0.21242634302023256 -1.1147857163338504  0.11925400534652297 

1.01282722246119     0.523269046649554    -0.392352064947575  
1.222757877418132    0.5177581644086999   -0.09519391524780485
1.2657000587907061   0.4668830264972955   -0.49318900966703466

-0.5171024047774979  -0.03944321567038564 0.7558445115116599  
-0.47181766142209663 0.16575024070331612  0.935482315203132   
-0.4263033290236943  0.011042279087151663 0.7434627953475986  

0.8705562435683576   0.8932432914085189   -0.48641976851021657
0.8883972503101965   1.226772103285299    -0.49754535152897744
1.0491861611981503   1.4152189637438295   -0.7918314256239978 

1.2358398323520507   -0.7589036420655855  1.528938236347253   
1.179341153078958    -0.7873193234495659  1.3177270897034012  
1.294416062185291    -0.7086027531750726  1.2739263951417634  

-0.5210877907367243  -1.195065427733724   0.14311869088047033 
-0.7566296975817373  -0.9412538675496204  0.484645070019341   
-0.48073373025873667 -0.9441196319289413  0.08366454131098788 

-0.35856662352348945 -0.4853805955702667  -0.34048941178049486
-0.3840579447968224  -0.11565104419213423 -0.3414363482473115 
-0.0276948219101264  -0.15382910510714987 -0.48958969600401603

1.8532518136586407   1.0570266521992764   -1.0097727196577093 
1.8577242662026396   1.4137316379764178   -1.1395745789276954 
1.498417478326137    1.180696008780205    -0.9186006431708216 

0.8129356141792516   0.861133542230331    -0.7921548235474718 
0.31136511013908375  0.7132513245741091   -0.8149976227768991 
0.6117197246556654   1.0832616517462226   -0.6922462606545896 

-1.127856283374864   -0.675445754939886   -1.6695337845265186 
-1.1232521689921051  -0.5487551209504088  -1.5391149235331176 
-1.0695422672474242  -0.4460718879492302  -1.8505301771639295 

0.5178560834158352   -0.44709167369447583 -1.542024472040219  
0.41692191018342467  -0.5899157485621009  -1.8507502913640503 
0.3681904881765108   -0.7164856118221876  -1.9007412912147204 

-0.8828022821842387  1.3945101253011065   -0.01467157804832031
-0.6285290396557527  0.9161344584889608   -0.5087780379477955 
-1.105943250591852   1.1159563812144215   -0.4199492079997169 

0.6179334105037085   1.3776357690389123   -0.6805383406804728 
1.021909581908723    1.3649608547836363   -0.6835178320977502 
0.6540507390775536   1.2257898568544294   -1.0793438960598987 

-1.280582911252985   1.6250251339241852   0.6385615283643351  
-1.3770243673366866  1.934283990317602    1.1214718943107966  
-1.1776006354823978  1.9533765301523816   1.022967225089492   

0.2537023411044702   0.6544717541302696   -0.034437132217937094
-0.2697916541861175  0.5852783964242491   -0.22048564357255152
-0.05692438445164705 0.6466989346832932   -0.1725650831246237 

1.0779008347438328   1.8067545246716725   0.15958060355540343 
0.9855006376470862   1.461166172393734    0.11792057429737834 
0.9449052490877298   1.7219198650964709   0.075498441052259   

1.662165680935217    1.8190798059455908   -0.7749652440520396 
1.1739697687631014   1.6069545874636069   -0.9252445162434446 
1.3949887757505275   1.995406852764629    -0.9184859058705822 

0.6523250262418407   1.320075502387486    1.5291379835791639  
0.7814757185326018   1.0219039706529667   1.6002085845615899  
0.8334480477627786   0.8958283056934194   1.9726016643684077  

-1.6941963647277256  0.6755364211335702   1.2405094179017366  
-1.5090057837888033  1.0349860665191097   1.3753388486409173  
-1.522096397989122   0.7866909938868554   1.3118682588978983  

1.3864318817938321   -0.1295178900252706  0.6133001798939124  
0.9892803528678746   -0.45667745096198187 0.7519539420290561  
0.9997902525666476   -0.48954052911825713 1.0540619987360538  

1.1902298957880486   -1.1564415963939172  0.00866732321879049 
1.1774855053955178   -0.9694041007846759  -0.026245078277105482
1.1627195083733908   -0.8929158599446442  0.24736074699589328 

1.6181226399625936   0.22085632083228632  0.7299672221453894  
1.4871258815267963   0.47860476549674097  0.7913027913598025  
1.9071181228279457   0.383429651508344    0.5620609993939989  

-0.9956379922148249  -0.32815218838216587 0.6823890507466194  
-1.1366784626765356  -0.46526450262379826 0.8156788674221618  
-1.141230609360264   -0.6205607846908874  0.7630689052850528  

0.783295056611255    1.016104184536896    -1.0679282828261467 
0.9342520293688872   0.998250887921146    -1.1114965150618934 
0.7825940227487285   1.0891162204219007   -0.7851158865265229 

0.7977442189289008   -1.3909599111677138  -0.866835035731914  
0.4510200192414834   -1.0803596925434098  -1.4215854033201736 
0.3096637550183145   -1.3299843481474083  -1.251507882982401  

1.234337120930555    1.657472774479508    -1.0303515830899874 
1.0741759977209373   1.5949543615888855   -0.863040980173569  
1.1961560191389256   1.7072349308526487   -0.7022571377829407 

-1.9408294820489358  1.7979323905829132   0.02025007091814146 
-1.486566870996454   1.484340152746463    0.08631352337214787 
-1.6025714598176006  1.9412869936866715   0.34928454580628876 

-1.1547808402141428  -0.06256057583595276 -0.8474104124960457 
-1.1653597667636109  -0.21281033783561665 -1.0260557988105172 
-1.241722442882817   -0.5684738817508511  -0.9945549819092663 

-0.5631871846960668  -1.406822878759916   1.5697365631662008  
-0.4796092401429676  -1.1529382536780601  1.7703294985290137  
-0.7657804922423647  -1.550717469089644   1.8099877143965508  

0.4450804574151319   1.8916309091217858   1.1784896749503733  
0.5423540636956857   1.7418268800572394   1.4278639745515314  
0.3101905712744944   1.855291669060132    0.8655805007688351  

0.6354836625316673   -1.9740882344267048  -1.0832243348260602 
0.7904975910500333   -1.9436858153698386  -1.2539679975521265 
0.8183621541706176   -1.69014660670663    -1.0992911808014658 

1.46771137591031     1.2753494909597616   0.14349630415016146 
1.7816286388506655   1.1101084625483366   -0.14402975836944684
1.5724082886110904   1.033300898602328    -0.07503611283515271

-1.30782301892693    -1.5043103733226604  1.3384216042231283  
-1.3576013583137574  -1.651624388586929   0.9218281856347907  
-1.2969583234532502  -1.4934002383996317  0.9685410393060188  

1.376490496354932    -1.823757714310036   -0.9039184883979127 
0.8739104533813625   -1.6985163824152307  -0.9999530849490242 
1.4063907997541851   -1.9125729676971583  -1.1982512311041826 

-1.1965737186463576  1.0524739038692634   0.3104132549183043  
-1.4245697965022757  1.2832973115240969   0.34356255841316563 
-1.2425971181344406  1.176863173144724    0.10247384245258648 

0.7082912308181595   -1.5045015466552707  0.5419910647567214  
0.7973910602741507   -1.2939495186505523  0.14179911246802362 
0.42927753823385195  -1.583929882967799   0.32305843443645127 

1.325062809901051    0.605843754062071    -0.5147879998669522 
1.4087208099552595   0.3067370003343501   -0.09536441760433473
1.3019736277196488   0.6574888434811109   -0.3511574848648009 

-1.615529980701645   0.1078154336990344   1.1542161342084845  
-1.67180584242359    0.22513269605289632  1.4182942836868948  
-1.6430273865097096  -0.14467266620403654 1.2317891828709178  

0.38853351665456837  0.3436811155028149   1.1594429504609802  
0.2063994819098603   0.31860922421566357  1.0828638194652658  
0.20317455683221342  0.6315845235624153   0.984210906157308   

-1.676359223188452   -0.8865913268013967  -0.4347848318393167 
-1.5227073545746168  -0.7918293077551115  -0.26015978644919463
-1.4244877092179329  -0.6369316772832724  -0.4486679984076211 

-1.2042577774884162  0.16547114923940165  -1.2095010543710185 
-0.9553333154043852  0.20651175042547587  -1.5689830278048207 
-1.0910931941748938  0.14297823876656196  -1.2200156978263377 

-0.6377962578449599  -0.5203422653584338  0.005810986521171901
-0.9463315519504728  -0.035310572560608766 0.5670982990368577  
-1.0883894880336098  -0.5072236698846684  0.012686757312098396

-1.7042980857031642  -1.702994697365555   -0.09413910956859445
-1.4772602466717353  -1.5063666010861294  -0.10107856875800822
-1.3964567482020143  -1.6903365972414441  0.06683236341932469 

-1.8689872282038336  1.9113702621190138   -1.5236134604556528 
-1.7247682140347331  1.5187847864882116   -1.3665016213175685 
-1.880600221494177   1.817709562185626    -1.4064916166457144 

-1.6423172650441304  -1.5708926863800596  -0.6289416155989257 
-1.3549541457025391  -1.804516639813208   -1.0460089406335056 
-1.2778624920683344  -1.7953036483975635  -0.7768444701446009 

0.8110494836089288   0.9314375648938642   -0.2791115937989881 
0.6284949977134289   1.0374381392684855   0.19293525224928593 
0.3860254358862891   1.048873504349683    0.1617901705504416  

1.0785964913472057   -0.07653755634478307 -0.0354749354092882 
1.1932802053578604   0.028671479632923547 0.03165866391069144 
0.9371165809646504   0.20333893971056194  0.13369445330915758 

-0.7168292050833445  -1.0401370996217874  -0.4425504455748378 
-0.7702143625296503  -0.7057427619758878  -0.32494194029673185
-0.6905960474790976  -1.0481797439496083  -0.5539250239452957 

-0.19711156735093494 0.8299921773258858   0.19532562133640122 
-0.07698659489056242 1.053749729461969    0.47468606110625255 
-0.14467913529713278 0.6100562491359214   0.4869697295324553  

1.6371157106145842   -1.7004033719357552  1.0490730265514894  
1.269602769259933    -1.5057948342016152  0.7861286296906838  
1.4867734297722968   -1.9041273263874379  0.7860828123738413  

-0.4362151661822847  1.92945869350077     -0.524067497067422  
-0.679018956524879   1.6246371102331048   -0.5111806344588078 
-0.531290722407365   1.995188200044813    -0.39101117527855633

0.09228374583465138  -1.1059618265207047  0.6375479103011037  
0.2461033400025605   -0.9287602354531939  0.7989976603143548  
-0.08935927946261613 -0.726884965948581   0.6726875748862694  

1.9228649900703738   0.9867273929472611   -0.596332037843909  
1.6750386308457617   0.994658839026832    -0.7050796571169222 
1.5762242688391361   0.6328177732855277   -0.5684403472402363 

0.1875391998235103   1.4502380418260268   -0.4834423092196099 
0.514336727866354    1.4770447348298172   -0.4269934668462693 
0.24564760111828607  1.8041307392320163   -0.4721082002960069 

-0.8047487184393189  -0.3207807660581743  0.24072639911976274 
-0.990800439005872   -0.8136934447390711  0.4257885739649959  
-0.948622200587864   -0.6929832830404203  0.28814083151494563 

0.949235055005377    1.020287157341684    0.5100923123535092  
0.8422489695363293   0.9889648750611846   0.27111426411243367 
0.6195704819627758   0.7645734380607205   0.2793663592388498  

0.8882643145529667   0.6827743432590121   -0.860155367221902  
1.2222559091881338   0.6106707891037848   -0.8312612203030645 
1.4157934834714923   0.6168228280212957   -1.1419642791591118 

1.5842879479340082   -0.4016682860170191  -0.7673540961336188 
1.5602525182300746   -0.5704518734442781  -0.8765151450838711 
1.204660112432937    -0.6585688845985931  -1.1069315284017436 

0.7443029060534548   0.5582946328497802   0.015199837135332739
0.8297415433756831   0.7593348392972223   0.12303412269850689 
0.4496215713746262   0.3608842368514594   0.049487136438420454

0.24434063458439603  0.16536586690841354  -0.8861951333690903 
0.023577106924135838 -0.11268021199598582 -0.9213431772948482 
-0.24951711099657148 0.12746690589722093  -1.3916715846445114 

-0.6324203867168962  -0.7560506414324469  -0.6386252478505013 
-0.7353649977503867  -0.9493333446367155  -0.7831724655763319 
-0.5741607508134415  -1.1106086213497268  -0.7094908341425228 

-0.05065233278486658 -1.2696657084066298  -0.8328991436249582 
-0.18868182142726225 -0.964564795665636   -0.4655406276148044 
-0.40316001320309053 -1.2105684377018435  -0.8545857497950193 

0.590758082679308    1.0610222536733573   -0.015733180434186922
0.9370344613538591   1.0025317339707853   -0.31733715317678596
0.8195726769530985   1.0289149600166207   -0.5248553579774631 

-0.19249229929676898 -0.36494281105068527 -1.383549641686524  
-0.12043723868064349 -0.12844581887107215 -1.487939070090902  
-0.2868785436235993  -0.4565736970692641  -1.5162439688141873 

0.6398667171636627   -0.2196623288352466  -0.39692546212783286
0.6344103220583348   -0.4666831057570202  -0.22794719424273047
0.4705004807559856   -0.22898047508238606 -0.11421442131110887

0.8324156527107771   -1.3511397141043762  -1.4385637278221597 
0.7655311912519701   -1.4986218827693603  -1.5705986044402256 
0.6201190149863927   -1.1806984676537118  -1.2938839542033929 

0.14435112785388582  -1.9989894139110378  1.6764721017622612  
-0.031302202560362424 -1.956540594211383   1.4797100195036554  
0.0766461458134638   -1.5691469768860533  1.187642517995798   

1.7237347070075861   1.3461457317204115   -0.6309461156557996 
1.8472999958510332   1.6823610968376261   -0.8054756730749774 
1.8640043552501748   1.4780520933386987   -0.9876136439326451 

-1.4286131935251807  1.9455853567548602   0.03781761109707704 
-1.614831170015574   1.88868226007552     0.06299144976998827 
-1.6895807213237677  1.6132687003356128   0.3425934485741018  

1.1967977564424805   0.8566676586283386   1.2323714658500267  
1.452964982530759    0.6693252221735174   1.2665001365910777  
1.6705916518126347   0.8026549171790018   1.243041151757141   

1.601263787757356    1.413800555383001    0.45029901546355483 
1.2343487681752507   1.6395026129108914   0.3187323435438476  
1.5589044889033667   1.2574340422323647   0.4279951382369762  

-0.7229220404100117  1.328942531696753    0.8186796532300652  
-0.6349454993314019  1.3638805029711576   0.7556848038117528  
-0.31623599496558175 1.2098861468443463   0.5949021707251796  

1.3909694301293325   -1.756797961180248   -1.2200438778561238 
0.9243117592577503   -1.655086058213197   -1.3187018979267044 
0.8797187595813266   -1.6167192152061884  -1.6983235104350598 

0.4202461895900678   -1.7125920780709836  0.6557728861816412  
0.17608240367396613  -1.6531992045897945  0.6766482651919675  
0.11745359932106009  -1.877206703868052   0.9126784807870231  

0.25233260115679274  1.27946545698333     -0.6908508955997177 
0.27801684225736     1.705485758427467    -0.8280120662026969 
0.06516875926128846  1.420288939823707    -0.9022665626538814 

1.425989010265537    -0.57534211099737    1.2041045584405374  
1.3489265896413345   -0.7944396649656025  1.2374722378129128  
1.6953507967504695   -0.5790150424003792  1.0988315419428711  

0.5135609915397595   0.6022531363539059   -1.2724640400247242 
0.8328988300863649   0.7319286512948685   -1.31703600083599   
0.8105688997597748   0.8723259815004605   -1.2830255672110105 

-0.3725252255972915  1.9927273974290993   1.345346787935724   
-0.23251061616201746 1.795381667477563    1.5603799657319428  
-0.1891870955610439  1.490774875848054    1.6580150772805196  

1.6725848859154906   1.1947535560220093   0.5556341763562984  
1.978427418282996    1.1476931228904075   0.641595673274667   
1.829346763996692    1.5655085292513196   0.5404203656121884  

0.5578092743465439   -0.5021311329272508  1.5189268340338695  
0.2410943477625303   -0.13712123747812377 1.5952313185648253  
0.4222396675519521   -0.00018107978850456785 1.5482052634613157  

1.8883170201267778   0.29855263543616584  0.005611214849489066
1.6117890016747372   0.5776327861957596   0.09842750180969023 
1.6611326071690253   0.6476172404621086   -0.05795276642441907

-0.29756402696914164 -0.407139329449306   -0.30963962391487604
-0.5466016770340841  -0.017490393792320313 -0.44691668322248085
-0.38775508860496044 -0.5155288234665811  -0.005290653712154425

-1.664913971526381   0.08732490703602575  -1.6440871429187776 
-1.8525417682803542  0.25121738986418024  -1.8508526949662678 
-1.842151850628025   0.04613359224470223  -1.4742775243138913 

1.8983168034640343   -0.3871178839823163  0.21340121474548632 
1.6135598341126705   -0.4478210975967845  0.2466108632856753  
1.5153950459609484   -0.841214872636506   0.2721847599677824  

0.813783873648056    1.7562703062421812   0.29912669190538005 
0.7902616523428182   1.9023379758608514   0.024720224071173746
0.54609365945713     1.6225179644415093   0.5601147326649792  

1.0356159297631424   0.4409201513941582   1.9814271232076859  
1.095665136534838    0.2568469361723555   1.7796722101527203  
1.3043238018658956   0.1709808169902779   1.6476748882748438  

-1.107920243240534   -1.698129416519785   -1.104953011526604  
-1.366809645641906   -1.6610009685045528  -0.759436749775422  
-1.1653797290726509  -1.490493817612918   -0.6252503690844431 

0.10339397655784     0.49543892452490934  0.6735438059966112  
0.2361404020103648   0.40119108577182044  0.7916804714927504  
-0.03730548333268663 0.4676710357583006   0.6183059382512426  

-0.5385257358457942  0.5561670304300035   1.9651801186346503  
-0.3593721499686328  0.41959747330933095  1.8562276307631376  
-0.5932982664881572  0.44849203071226795  1.9738211292290857  

0.3108242652293539   -1.3177303337252977  -0.9902064792839282 
0.4378832694548908   -0.9474318242776272  -1.2896800000096418 
0.5301245220059296   -1.2256258887704352  -0.9013342432981968 

-1.027993452752463   -1.709636702202746   1.1174460883654003  
-1.0215457867239661  -1.519488472202319   0.9388713198846074  
-0.840799114496722   -1.5194569217096838  1.052458618061249   

-1.359085899666498   -0.8009591199518074  1.219100735741856   
-1.152688760255256   -0.83128577127367    1.2076307383280334  
-1.4280524608002882  -0.47619152308295815 1.5374815879780321  

0.36562968826705367  0.20075041026881257  0.5226704176835435  
0.33358983354236904  -0.22315757634405126 0.49881337834856926 
0.5609338002570238   0.014328853230796135 0.12431273352177266 

-1.251409401349921   -0.5630270362740559  -1.626915273255576  
-0.9643566454037145  -0.568420077570521   -1.4996807881647576 
-1.0811168778492153  -0.7831404864293494  -1.2288995319980907 

1.3084052685527747   -1.2518106258920003  0.9256898159627944  
1.1839777302335164   -1.4234023405526977  1.0885279246303505  
1.3387268261128722   -1.2803158489444415  1.2031250935150757  

-1.0512708457976796  1.014530316273277    0.6021909230704325  
-1.3445361414009667  1.2370587804633213   0.34430173423147803 
-1.137915236999997   1.213438089995241    0.33964229510890287 

-1.3781755429660845  -0.5542458807386275  0.2587862170686075  
-1.362211215031023   -0.2565809702301322  -0.24578068151708454
-1.1548592154279538  -0.3350145953640762  0.0830894428795858  

1.3771254305106186   -1.5256186602016373  -0.895060546274663  
1.2631369833281338   -1.6024687399655106  -0.6716873124527869 
1.2579081358518094   -1.2464592380622925  -0.6244012681395892 

-1.79845665219869    0.9052723814188874   -1.6373166800395078 
-1.859884792788028   0.5989632477627456   -1.5021435368981644 
-1.8939898854985273  1.1258049110979935   -1.5340184833704817 

0.37318507300429377  0.8801181552627206   0.6021408793827607  
0.5635189914153433   1.0887966608658362   0.4732908592537489  
0.7378778211209029   1.3702987636153694   0.5769391345592265  

1.4101968856291145   -0.9767168389906381  -0.8394262629845185 
1.2133102452543476   -1.0551721318607186  -0.9677196898660494 
1.377169996620051    -0.9658571284832514  -0.6197684696069199 

-1.8925043796270808  -0.0506583324334072  -0.5911922891495367 
-1.6699066543469818  0.05844521585834889  -0.6143227551377629 
-1.9277250935666617  -0.02405630275017112 -0.358769908442157  

-0.16131083163782498 -1.5033380515323524  1.5891156076875066  
-0.2535002820963538  -1.4619936792320072  1.502006322800978   
0.019847793351617737 -1.237707425144448   1.6883328828857203  

0.4133005112512492   -1.6274555676347298  -1.3824639629497917 
0.5380198730171594   -1.5956279465795804  -1.0113765298288682 
0.7730845097761905   -1.479873298969921   -0.9464496445099775 

0.4982338535578763   -0.04123592980779667 1.5116753484539875  
0.7318526207081195   -0.10069309002599192 1.511895097087664   
0.6232968177156231   -0.38573220411351916 1.57376875982266    

0.08508255741037202  -0.8874260214946945  1.4250796326277348  
0.4439337111241409   -0.9816478795395387  1.5668537930551971  
0.03005926214207727  -1.358214696232237   1.3187832807713553  

0.30854213597293256  -1.902836772791747   -0.16868548979459355
0.45763061636517743  -1.9402569950213562  -0.06549519836314754
0.12355203275025123  -1.589833168195738   0.03914617483326305 

0.25493108258602204  0.15454877896285035  0.2501993560517115  
0.186538954619013    0.11588222092779343  -0.0937061847610828 
-0.2794311020314871  0.4482497692071626   0.16299524050409997 

-0.7160216940251389  -0.11614396980000496 1.386378624844179   
-0.6931294729576821  -0.5656482059261505  1.4716327954443513  
-0.7905196395932748  -0.002091485434995266 1.304829367786134   

0.11792325707142182  -1.6033411279243068  -0.11276306901710842
-0.19317565447967955 -1.4452959977395599  -0.09148584960933359
-0.009170629476936143 -1.5574009344127302  -0.3928703090675324 

-1.857925458207232   0.5966756574773509   -0.8537113063571597 
-1.869554142609475   0.3851908460388039   -0.831440833358301  
-1.5597127305450973  0.7298616459172945   -0.6944121685035476 

0.9702663279743273   0.23505276731264882  0.8198298393459249  
1.2209053308687654   0.2954224925243676   1.0735899160285598  
0.8760488166132356   0.3290217461238043   1.0471600205499643  

-0.9924519800444945  0.14726611508334675  -0.3130838088174137 
-1.2112201838790373  0.19305970825010338  -0.6259060719330682 
-1.4051857912020926  -0.24561855521971623 -0.7065632800845717 

0.5291281641306405   -0.05213071458516161 -0.36607706539102997
0.8067407907519699   -0.10987054850487021 -0.5390135604499136 
0.5004776247587932   -0.41385727192164734 -0.5842337711428048 

0.5113358692244909   1.248957161780574    1.6452395457585687  
0.027937065808704864 1.238682923706342    1.5352963079273099  
0.19864231605701113  1.36013980583849     1.5467848165756066  

0.9486845097480909   -1.3795919167600328  -1.2768628367853183 
1.3255449082827273   -1.5797585185278753  -1.4456474478922152 
0.9562887184141953   -1.1541865802489828  -1.6023603856505861 

1.0577327460514623   -0.003884376210870011 -0.8132194137409263 
1.1363916563223655   -0.40061026183211723 -0.8140703119717783 
0.9642941467286684   -0.5472759955817676  -0.8166574740787367 

-1.6144082505013677  -0.9790908455463626  1.420442484411069   
-1.4933130584215109  -0.5816669065769048  1.2932136829949101  
-1.6443652180057513  -0.9992877931935864  1.0247599055930656  

1.3805478252836108   -0.6547671506374988  1.8711749731744194  
1.0531359592622427   -0.9622061496304105  1.5801192912244009  
1.245598444668349    -1.1003334887994995  1.7285245289095355  

0.6844743387624382   0.20188954654950336  0.844993879466222   
1.1311068006095306   0.18752916542340226  0.9712596978651805  
0.7537486828252502   0.2071086513346327   0.6156085674516301  

-0.4059428772191095  1.0735164377248392   0.7980403450714434  
-0.1006752787739868  0.9115572134379555   1.0997151019144642  
-0.1577984840315595  1.062326788501183    0.6677429823687051  

-1.6842839368297393  0.6856486527597101   0.425285392327868   
-1.9462447848295348  0.7866946001744298   0.3296199872558473  
-1.478998903927088   1.0570919020714031   0.44757207216074457 

0.9015702675557042   1.2014098475545385   1.49801733421841    
0.9363891652186213   1.3267737397763595   1.4306022663523614  
0.9943944465257786   1.2249914004763365   1.6446945132019146  

-0.002858918422134815 0.820951254891638    -0.7273792312882369 
-0.2694002372231709  0.7430031817622487   -0.9940728877086343 
-0.17034268648505974 0.6786611446420662   -0.8172932130705115 

0.5326322006511865   -0.9910426606642697  -1.2606138878552087 
0.6548479478995965   -1.3095116347735098  -1.6014423360039747 
0.3118213367901612   -1.4100080458769004  -1.6561747297550726 

-1.4580029658542373  -1.6710524270665226  0.12862356945565379 
-1.2597264333935652  -1.221668425391331   0.22127065313366523 
-1.559673718154583   -1.2234003686613908  0.11282557403253135 

0.9799975624947072   1.292783724897481    0.4497551233802559  
0.7780130842773958   1.4267166108385407   0.02760198890031418 
1.056667956064036    1.6522031744396313   0.47880992961707736 

0.5731429182490994   -1.3134440787302368  -0.21946139427989086
0.5088256412709233   -0.9108811942469048  -0.20751644735311614
0.4728707785792131   -0.8940394299854115  0.009842356737737812

0.7070611601867208   -0.1722501190205885  -0.8513325033790224 
0.7058859590562429   -0.13652232036927936 -0.6455821574571028 
0.695437456579932    -0.2710563431209198  -1.0818653823700395 

-0.40494269705885333 -0.3802672730218603  -0.2476977505507173 
-0.3434823517412927  -0.8020846249531632  0.2612658124075815  
-0.48839693692860503 -0.7675977663468112  -0.11091530450339626

-1.6278618654102297  -0.7441566126159228  0.7482615780972435  
-1.8082936493011679  -1.119525338928667   0.8045333554076901  
-1.4438690360774395  -0.8966948205705871  0.30875936941176463 

-0.1764803772229278  -0.6480483750821152  1.520079701986113   
-0.2553337448663373  -0.8748317597683148  1.4921709664881444  
0.010803219892578875 -1.0585151650208189  1.6419194280567828  

-1.474628151804739   -0.9791867959747169  0.7621023313646212  
-1.5064215746740888  -0.95691993555021    0.7769213996721825  
-1.4641153353444438  -1.1609163681328762  0.3630954771001973  

0.3772734819995829   1.5589312813987448   -0.9227099422164162 
0.29486914993413565  1.8996408791294925   -0.9260654842594894 
0.6057579826519419   1.6759017859128356   -1.01890982173547   

-1.2490429358971107  1.953809002601361    -1.6671413452518329 
-0.9068188209220209  1.5930998994729222   -1.785587033686388  
-1.1662944015257548  1.4323026667284458   -1.6966176225678484 

1.3841249998547096   1.9730932964294037   -1.3837760719617682 
0.9926570301026973   1.622168940424528    -1.5180260932982865 
0.89565388662903     1.6693476397202434   -1.4512975852853875 

0.4292610650556846   -1.3178361038863573  -0.4903639760978531 
0.27610848971743085  -1.3531701544143515  -0.337209009018758  
0.323117735410172    -1.0020482431668103  -0.28334788454150056

0.0624415751206473   -0.5828487564464778  -0.3801531570266915 
0.17379926746031332  -0.683379361674114   -0.06932382667416614
-0.19251733266333337 -0.7308336437736562  -0.33791068599009505

-1.2276131584940455  0.43935051048595763  -1.0880971804217976 
-0.9686940448137542  0.37421857561580846  -0.7344277191178898 
-0.9275411208034244  0.8081247214335926   -1.1407512244426268 

1.4881038362454204   -0.5306465734044046  -1.1125331787229538 
1.6971095066821853   -0.6581599894508228  -0.9110863358077795 
1.512542338378004    -0.8268385545509904  -1.1366410529056359 

0.5217389415733971   0.8716328149743496   0.9971058120792163  
0.7216279541273072   0.6042836646968308   1.0821433857136373  
0.6961790000969075   0.869701403223264    0.6173037492865467  

-1.704229444814913   0.5662753690569815   -0.0913158463224053 
-1.6359853454195619  0.5044441617750489   -0.12188235457860236
-1.540773551112824   0.27098141554077204  0.10531960336770385 

-1.6871505369334814  -1.3350473266123024  0.8922827956637287  
-1.6836324020583637  -1.1542079099507956  0.6980980416979241  
-1.9547620380416435  -1.2671909189091164  1.0905529568533234  

-0.6472515623786645  0.6449934535775299   -0.7931706772212354 
-0.7448439153453954  0.40701160578629814  -1.0349362690160957 
-0.9559966886422494  0.7687511078401161   -0.8664287620017559 

-1.9419614519482333  0.9908837966038162   -1.6421933079764048 
-1.4767773993221418  0.607439156018327    -1.712075971865273  
-1.5521473933193386  0.596791184441515    -1.7818906459316275 

-1.1549558517219385  -0.1305677115094887  1.1495887212777862  
-1.076674322379749   -0.026898399443772147 1.3865232714551712  
-1.1333372223275342  -0.026164792649059465 1.6342837455186139  

-1.5680342499766506  0.5898358882903596   -0.3007336349639629 
-1.8965323076341725  1.093591818894647    -0.317065702978263  
-1.8829582833046257  1.0535231355492987   -0.4712794223976113 

0.0027220998304812727 0.22125744411448223  -0.7276920093638313 
0.35511305398143683  0.16306935028445305  -0.6289571966280334 
0.00041331340608585787 0.029570691747338507 -0.8023356199851649 

0.8683185392361246   -0.6554601687284928  -1.4460705180193925 
1.339366818983653    -0.6844466730109713  -1.1433892860106079 
0.9558481216203973   -0.7921321952577282  -1.4716072039138797 

-1.3860901560506818  1.9537334627208516   -1.427937030005416  
-0.934425830237013   1.9299436197461446   -0.862540302803698  
-1.1008131582674325  1.868320383749307    -1.021322817914768  

0.027543992911554016 1.025968439766597    1.6963448723663102  
0.24339675091957869  1.0581634936088582   1.184658456728932   
0.2268512567327648   1.200734936014168    1.315014336170615   

0.9327782589745581   0.0814255973821903   1.2235840885712537  
1.4066842774601476   0.037508684421083516 1.3031541679146075  
1.1666970213271268   -0.1872137695674571  1.3354432409350787  

-0.6205623601485386  -0.3609372923863835  1.8216846635937334  
-1.1263915716393464  -0.35924718981011405 1.6855601154907824  
-0.827946287334749   -0.21971685246060801 1.4654971309996234  

-0.8220751560599902  -0.8118218603938158  -1.5029437131594057 
-0.5932445055346108  -0.4663696847357249  -1.4391504108565147 
-1.0302978782398768  -0.7799970864571624  -1.4502360348853296 

1.2478165335209759   -1.5077387952681534  -1.2344091016205034 
1.0828174753503699   -1.5778029049270175  -1.2251863533197556 
0.9314324555285312   -1.96452458940223    -1.1000741463608563 

-0.852505671343748   1.0327374004320746   -0.4774874485809784 
-0.46220921882828003 1.0171643287378827   -0.6688809053224569 
-0.4663159207472976  1.0153676385952073   -0.665217574896052  

1.2110407933310383   -0.423214620414868   1.8939184657053336  
1.3860332843357552   -0.1639442533308989  1.708459192596122   
1.393980393005426    -0.19284887564081876 1.9866747448443962  

-1.1427569193751745  -1.0546295692541603  0.4777254170942282  
-0.7890325049919452  -1.2065529866800015  0.23056426862011586 
-0.7081799973335956  -1.39822620747632    0.13489657150659415 

1.4034290487950738   -0.05775156597381198 1.6464388081087975  
0.9070771994824041   -0.1629320611061697  1.5989331340769195  
0.8650208828739889   -0.06396961795547357 1.6710160703970893  

-0.7933441546768547  -1.558873410328198   1.6017503751645932  
-0.6380815917430633  -1.8682704531179066  1.5426354720485098  
-0.48620990216492044 -1.9471364051234754  1.567287455737038   

1.0172853955589212   -1.0737898535752448  -0.4878966448234616 
1.32231179190279     -1.0066938980471387  -0.05686357297667766
1.1815952088307595   -0.6417414133854112  -0.2896101011014381 

-1.7674626388677837  0.9359189690837416   -1.0044930040501812 
-1.8211776155710702  0.7960419081843043   -0.9276952365510167 
-1.4357934800964989  0.8339108438224212   -0.9629662709264786 

1.1228075875751604   1.753102194891054    -0.7572774977499963 
1.112724738090979    1.479518508805351    -0.49595168457313626
1.1282767352030392   1.888698628099474    -0.6054756040059683 

-1.102782086543049   -1.0116699791930928  0.3522826071272692  
-1.1395879079838283  -0.8660249431066702  0.8117175563660517  
-1.0338395445182846  -1.032334278564635   0.785433713703425   

-0.3840715214676882  -1.344946624076372   -0.7928296591103123 
-0.3737635757646999  -1.5334412297723428  -1.0132914983582642 
-0.26543071734039797 -1.412414101219521   -1.0832863055262012 

-1.4179964659913882  0.5012061055974122   -0.816894723386047  
-1.546643520918227   0.30053472926375663  -0.7839015271686098 
-1.2261791931577388  0.5143826309343433   -0.5993132775893719 

-1.6151465958474944  -1.2619404407831118  -1.6527116819524683 
-1.8385064640441362  -0.9602230154505519  -1.6136536801634946 
-1.6971258277221206  -1.2377493089443123  -1.9778911651924935 

-0.4016895342977447  -0.8595098517058335  -0.2833699800549563 
-0.6001639760262651  -0.8598115609281015  -0.14785410567429613
-0.7696130910661035  -1.087574152548381   -0.3430834735119753 

1.1436049888949689   -1.5453318969438377  0.8857855682002682  
1.3463823147538034   -1.848159774878785   1.0198842705600508  
1.1830292783846381   -1.6115084790901668  1.3235561271663492  

0.5496262170813297   1.1577025009981723   1.3092871453939943  
0.006299556829057196 1.2459734341662978   0.9673412947472505  
0.22342314569158367  1.399763822603401    1.0786913310428514  

-1.5911920745682482  0.3000272523226767   -0.39250644388046885
-1.625089874571773   0.24846972178223947  -0.6121228486385681 
-1.4745105880741474  0.42733698460221115  -0.841040620019166  

1.0143682478252267   0.9610850071265544   -1.3909963729694474 
0.8245412034537731   1.0382756848222048   -1.1054210424238107 
0.6976867533566873   0.6745592543650416   -1.2751044223052417 

0.5563973001305467   0.09563976011162806  -0.8500163464716088 
0.4458957433381765   -0.13280032050009213 -0.5351638489206899 
0.7451306964189852   -0.016758130815512418 -0.3010966804855596 

-1.6859501633626113  -0.9062063282580689  -0.5531692071023412 
-1.951695851384042   -1.376053381444352   -0.8533868121835453 
-1.6132631996984226  -0.954751829646739   -0.7634890949175667 

-1.7086343751181112  1.0644416564527928   1.067516315980666   
-1.7409876852251696  0.9808409500020903   0.7479048039923795  
-1.6417760787737046  0.6498580201745121   0.7330299227824987  

-1.1249610746395138  -0.7186848920074134  -0.8018775105108116 
-1.0457086478775897  -1.1179534902638244  -0.5624245088548405 
-1.1684352281970263  -0.7865739703799097  -0.6715845137317697 

-1.6498716937717288  0.2587204900598202   0.136489975042269   
-1.8240410104399778  0.26999654604882     -0.11697524093181302
-1.9788201213824588  0.2610735920490772   0.03600623843963374 

-1.5435850790789971  -1.0044884633274327  -1.1031776653529637 
-1.7194275849299117  -0.9054594864166257  -0.5817974963899597 
-1.4844273546782623  -0.9712140118453647  -0.7361870519557414 

-1.7348929527088601  1.3089758986975863   -1.3725848480716987 
-1.729701781849975   1.300963625596454    -0.8790671786736397 
-1.458771767453292   1.2451446710353455   -1.1351878594672797 

0.1539884817406234   1.1524369046399956   -1.6592180434415205 
0.11381624567822224  1.027506069196839    -1.503166516344341  
0.1607104530544593   1.310234586079662    -1.532869012952089  

0.9244505182516036   1.041932174820921    1.162098334058341   
0.6955173799454047   1.1938087461486977   1.2684539098601706  
0.5758875167365712   1.4186231585709297   1.6610038908047526  

-0.8155742426507921  0.9829545951003928   -0.14951952921161915
-0.6632016363809405  0.9197888540603387   0.11264628240353608 
-0.5324831472586187  0.6177749005138706   0.2856081134837557  

-0.3310027947088052  -1.1229889819664338  -1.0565042102776019 
-0.3151258486335963  -0.6529721306308952  -1.0116173854305301 
-0.7368801573743504  -0.6553482962875943  -0.7890517964717507 

0.9792121611385959   -1.628426760747251   0.8108716227521471  
1.0568115053748417   -1.6907283041522476  0.544139597350306   
1.004098495020512    -1.84908580408988    0.8479518841195338  

0.04600323769095327  -1.370377553205358   0.32362396628489987 
-0.033352594925183665 -1.4026111357608997  0.048848466422098474
-0.07366006189115634 -0.9988968125181381  0.4345061854624466  

-0.45638639290297334 -0.5947878149003232  0.868860294912742   
-0.6118608977886576  -0.7579755129731014  0.6970058239267434  
-0.7903159443358858  -0.6143500787677492  0.7974211402813792  

-0.680358399378973   -0.4409368458023075  -0.16544840306227282
-0.45333981337068685 -0.5413557618393406  -0.4525042509908713 
-0.6908521772949939  -0.34627678820132574 -0.4950424502879964 

-0.44125510888754754 -1.387961124590439   1.6670424568435174  
-0.22966315226393347 -1.1990996654873585  1.2945523291366683  
-0.47870063827198184 -1.4019832334524334  1.4087589250957757  

-0.41385873705555853 -0.38973501730280435 -1.447510350671679  
-0.6531828945019517  -0.3973342788460331  -1.341084574771935  
-0.6125912967314509  -0.432258254010652   -1.5621942266586752 

0.4940255804917395   -0.5755192279208742  0.5345958934843285  
0.5788252327851708   -0.5548030563473498  0.36446887685263285 
0.8410751787274547   -0.5275965426664853  0.28644799610791155 

0.7513491329011702   0.9464140792852639   0.6582040035824325  
0.4347544119008564   1.3544037278932213   0.811473854434015   
0.8009135488536436   1.4267530864497195   0.3371687486742065  

0.5733747823173061   1.463268489568627    0.5828342296934631  
0.6300874876553463   1.83006237459346     0.6227962567597458  
0.4675328296478708   1.8828500467148874   0.3388689841860046  

-1.4781367353859862  -1.1296685934632629  0.8239141276492604  
-1.4435970462507004  -1.1358439501107627  0.7160539022205901  
-1.6178914865485936  -0.7907278324013138  0.5018593804725912  

-0.2808625619303149  0.7905491647351597   -1.0341948387349895 
-0.21043183744508717 0.6610118710811002   -1.034144930846618  
0.11504525701661916  0.7649741552674806   -0.6824037543622031 

1.5959335501023058   0.4182919379912613   0.87236867597392    
1.9428554602359942   0.6140639383813645   1.0986507977242812  
1.9767662603625007   0.33453726063354794  0.8921652495850774  

1.411285660709869    -1.416552800709461   0.18257633700581233 
1.0591282914367184   -1.4772151355164143  0.16791553546862245 
1.1185150222073648   -1.3261437563530243  0.10469252906089876 

-0.7078104653656452  -1.7226275385745642  0.1093965744985263  
-0.6636624091259944  -1.5153640460898021  0.48951097481890243 
-0.3380178729291814  -1.681029209311747   0.5344000436100602  

-1.8580883454776969  -0.7326422267038981  1.4385926470688424  
-1.9852726224306303  -0.791235891505478   1.3856229138725071  
-1.7555642217659997  -0.6350582210249194  1.3490430534617952  

-0.9977160456833847  1.1478453601954524   -0.3654719794323179 
-1.0686844567054028  1.5481941078596373   -0.8119167996321606 
-0.8923622138588835  1.3067456963544892   -0.727915313956051  

0.61376797570667     -1.887143387726533   1.9573015435896006  
0.4912401858775371   -1.9352983401395185  1.5309331422657981  
0.7789728504326064   -1.9814220518083354  1.8530851648712867  

-0.1637930483482547  1.46785922727023     -0.03187001394475347
-0.3875602625197566  1.7938946260263249   0.14890910149326392 
-0.2247542812087357  1.9255066443037163   0.2120366971681461  

1.6823337347545033   0.9404858280495786   -0.4789145044762554 
1.9917822292503762   0.9635505000453833   -0.3480302105104106 
1.43158625021197     1.1730548005106982   -0.32339200864109685

0.01719187345180584  1.7765795909195252   0.016704805979075366
0.47678707640152335  1.505657973503201    0.031170102612163575
0.1408487123429251   1.8873040709154671   0.1720139715636197  

-0.43929433820847386 -0.4371683055969804  0.7244039658723499  
-0.17817570677688888 -0.7877687336396828  0.9107884944097064  
-0.12866709462834114 -0.541505117724347   1.0743456807728935  

0.7151480952995525   -0.419546288205359   1.6689749255415394  
0.850612375249659    -0.5322170569883129  1.9194430228197106  
0.7259512151345336   -0.1609553930769571  1.9723393502838575  

1.0904912883635667   -0.33003424723589714 1.5995674143520207  
1.0773340465137415   -0.5443586928856965  1.2174686140696975  
1.411409976502068    -0.5134617133204781  1.5947041938785453  

0.6579986139038986   -0.37108955539942484 -1.4062300811223745 
0.8620816492377681   -0.3832865796385803  -1.1445863691475844 
0.9628290617401215   -0.45355914173587786 -1.558173668187289  

0.12342949191072239  -1.34440076194758    -0.32664243846680086
0.1525942324298893   -1.6031641842021336  -0.16575190096010334
-0.08751373788777966 -1.663107586680415   -0.18156282092362014

-0.27197419817280744 -0.7428680861307198  -1.7359614462927877 
-0.0808039719254025  -0.6464043543115825  -1.661509302290595  
-0.2730285562023506  -0.4860370515638143  -1.6680366181320456 

-1.6450695423648156  0.966880173416668    -0.7876178296272783 
-1.68863994023694    1.3302119933217358   -0.44433588312157113
-1.7032744897207739  1.2405189311513416   -0.6864994116641464 

1.1303669698724075   -1.0051422155853202  0.3566869297347317  
1.3063429105581417   -0.5990438909790322  0.3475766237554325  
0.9079884058355306   -0.6194313944642218  0.04982323710601383 

0.04028834509499429  0.49347866477681085  1.6127330163137243  
-0.11851479138502016 0.44858942823613446  1.677181279873796   
-0.25363032249352185 0.009137394503802188 1.972862624397818   

1.0558093071550922   -0.04064739160251862 -1.2897409209755293 
1.2419382041866724   -0.5288247098068131  -1.170932105952744  
1.325081525497986    -0.49114105777119405 -1.087936490686038  

1.4541053542206868   1.2304902257728045   1.7585382009846728  
1.4873216688910416   1.6006817223387442   1.5418831513517814  
1.9593400573468918   1.6093749513164601   1.8977693669132263  

1.580589785206331    1.511441692107187    0.10637629181079089 
1.5115852841730262   1.2827133138800804   0.27777298198573497 
1.5198314826703916   1.6723525868531413   -0.008975797536583563

1.218289961745037    1.1677836924083005   -0.7532009125551086 
1.3449430827511755   1.4797761539717476   -0.9881282160662129 
1.4950348294957148   1.570193374067064    -0.6415580902378483 

-1.5065347658850434  -1.4584263230266814  -0.4830622074190957 
-1.9490449179343514  -1.5124640238678455  -0.694071375182342  
-1.949172499533332   -1.8059753358820703  -0.298519868188437  

-0.8082429547891097  -0.0770191505063828  -1.5390880645273413 
-1.0108237360425505  -0.1363226648946354  -1.5659749949393702 
-0.5805554002220447  -0.439175679516131   -1.9305238585390045 

0.14397483668510555  1.5268599758294965   1.444053120572582   
0.4536505839171049   1.8560727732333913   1.4287340791274317  
0.36108928153612174  1.6745407452179821   1.4714019144557722  

-0.9408828653330454  1.3247495846056383   -1.5173369315357965 
-1.1105207085205582  0.9355603198726948   -1.6570550067219376 
-0.9782585351825812  1.3505274063522614   -1.8203151449434356 

-0.16152038150153455 0.42875062601941505  -1.5881223969961071 
0.17181465791996864  0.713351873975569    -1.714902215448996  
-0.19066740373000046 0.483793226224254    -1.4319141918727918 

0.6434491020186835   0.5207588151897395   0.7097267782108323  
0.35402792240374215  0.04756974771590455  0.9790051594650424  
0.5882220229692217   0.2241468746347949   0.7123782021794051  

1.7502435866973947   -1.009039839888755   -0.41975008967369504
1.5560950158904703   -1.2351694277439371  -0.6826952124602906 
1.7649369105034083   -1.3120534618019648  -0.6059703324496184 

0.9465083541783328   -0.26587843315422893 0.2339906294240646  
0.9940337513461488   -0.4804231833908286  0.15669087999796416 
0.7118751299456907   -0.5539547398156193  0.12961990111376498 

1.9884462461740977   -0.05101091153906656 -1.5544810650673955 
1.9445993279754448   -0.09681620735640506 -1.9542479125856258 
1.9132864974022725   -0.11162910960168615 -1.591245926413492  

1.4680799790498549   1.5517219235260078   -0.743697925149255  
1.1499813477836698   1.2006514177783258   -0.7865861152354946 
1.1853706053594701   1.599981780306666    -0.8718746109513122 

1.1526241416436618   -0.4715628598768157  -0.007381913398439133
1.6565021628998036   -0.5493489555945925  -0.20414989484040458
1.2799246432388254   -0.26453572975581185 0.0016293574353282714

1.2084047387662362   -1.1511814964021083  -0.14122944772235307
1.5105099451873314   -0.8698668978701504  -0.14154178887999447
1.1891445199406414   -1.3193558019305773  -0.37337280618979307

-1.9877081727551074  -1.4837193150161525  0.11175639508608065 
-1.6750963616371684  -1.9383921854063835  0.4163024663963135  
-1.9181456230866183  -1.9725235187244219  0.2610276232135181  

-0.21694420789382582 -0.1933165175026561  0.7568768647877899  
-0.04135368214295307 -0.31542806625886793 0.879551927201788   
0.183318695500999    -0.08081381636374413 0.87295999773447    

-0.8494191189827176  0.18689527087086083  -1.2060811570316734 
-0.8471066397860206  0.09064225088082534  -1.3419002733773004 
-0.6912338434586174  -0.20118768777616686 -1.1702809903938953 

0.5855705545152536   -0.31412778403595853 -0.02632459281936117
0.612837064265806    -0.34458137570421693 -0.3826631675223693 
1.0237954738147574   -0.28663462206518336 -0.4467895934374926 

-0.2955208620412838  1.4228110323923848   1.509247573975849   
-0.5938680032272696  0.9177861122309827   1.5182883256439599  
-0.7682866197205365  1.1335986083676384   1.1742372523157574  

1.2256813859749216   -1.064674721881873   1.3779389512564935  
1.2606135850510387   -0.9425746384093445  0.9424841764691805  
1.2288646934817493   -0.8707196120286581  1.4194957979210234  

-0.5470382437562318  -0.23692039608800602 1.6260577161658922  
-0.7456836376252594  -0.18964137461241803 1.6055138503947244  
-0.4664032211239146  -0.45939299651707993 1.4885130869474776  

0.14788939218291114  -0.33725552796083424 -0.08201425974028073
-0.1447479246581744  -0.7093248939058933  -0.1218360154673902 
-0.13408898024833235 -0.8426111167209882  -0.08413474525631826

1.3588263420126454   0.14467552826623348  -1.3573913131503352 
1.0188167499574456   -0.1427842930225519  -0.9980133853146207 
1.4283585670080092   -0.1335216710385297  -1.0595638901646023 

-1.3467052407895053  -0.5183922424063079  1.990831081544807   
-1.216800469245927   -0.24833035264699305 1.4412476058367325  
-1.3628107858767318  -0.45591872133126876 1.5534318305515076  

1.2554163208352638   -0.5613258857107597  0.6293217706630669  
0.9896526953040429   -0.5425154985036791  1.0177615846041186  
1.1392031280229649   -0.37859939060225584 1.0423314608776493  

