281

-0.687894098337021   0.2544567923688762   -0.9757400673599146 
-0.4691738950818487  0.25632575038776695  -0.7714598027907041 
-0.6226743256715921  0.0883633418354905   -0.8822475198227682 

0.29364812575880705  1.7916240493443003   -1.6039356617925493 
0.39399145928890134  1.5440218435386233   -1.885073464793102  
0.650243361845586    1.745165772516555    -1.5163370373787097 

-1.099812132330718   1.4535661084810814   0.3952446258817563  
-1.1845087622259227  1.9596556193921577   0.4602222219348458  
-1.3616249758456502  1.4383233891842624   0.19061820259148782 

0.919865712354511    0.6437003542322636   -1.0452494889425257 
1.3389431565992373   0.938422160659367    -1.0263124865627797 
1.3260899964519943   0.6911396319809842   -1.0961863870442525 

0.35857507868296035  1.3201945349981692   0.940884506289521   
0.7257667276556087   1.24701246333527     0.8256957288415968  
0.3777197078340208   1.4595214829228471   0.6181733250389844  

-0.7413013781816952  -1.8290614254599449  -0.5212089158327373 
-0.48342898295868086 -1.7143782899101825  -0.810364667464304  
-0.5719371216490087  -1.5807480298122936  -0.4394556389803064 

0.4182263686601277   -1.728963266642007   1.744602894298216   
0.6625276320350733   -1.9054161418262332  1.67955110907319    
0.6521995362291876   -1.7252374521839058  1.9482086666253768  

1.4119142284731705   -1.898775188219803   -0.7178771929729226 
1.009032795418131    -1.7778970901469975  -0.7453349054160291 
1.1266397271298016   -1.605958368252928   -0.7527020464624731 

-0.47713354750809356 -1.9805695631995583  0.7969379459157118  
-0.7570506035680029  -1.6254949366561795  0.72990894305829    
-0.5017421092457204  -1.6214900113657391  1.0969406716582593  

-1.0576860675909687  -1.029720093307669   -1.1398093776147546 
-0.7581604949506506  -1.1621967286019896  -1.1608873479518262 
-1.0839451903394308  -1.2092984874101576  -0.9772151786283695 

-0.6315580117747892  -0.4783732835322894  1.9890278953973677  
-0.36695586374821293 -0.3612025870395147  1.5180670868292712  
-0.4494588044322823  -0.47489908821407    1.9506102538272487  

1.156552475871373    0.6975384709167001   -0.9492616629529692 
1.0686905005922052   0.6122328204344364   -0.6405340441926172 
1.0044883074019226   0.5073674591439353   -0.877732994839391  

-1.6581790010661575  -0.578016290643057   -0.5805627993015199 
-1.4561475971001587  -0.9604929039614885  -0.45395361904526477
-1.7347193966000511  -0.7009848544227542  -0.5247819168283867 

0.9955229422503091   -1.7129533813916535  0.08062877958066061 
1.0671804496544273   -1.2271623732493366  -0.11331642023464689
1.3616738808891924   -1.4817930649143767  -0.005464963060728578

0.9004923713875634   -0.7577237108601287  -1.6926105888724916 
1.1901054655751402   -0.9725286074237791  -1.9510274638534264 
1.1924072700199018   -1.03746437150211    -1.4293998379822446 

1.0640059396139065   1.775820229661003    0.35504951466591433 
1.0943618906738244   1.7212515754048523   0.3146720759498461  
1.2720908250701632   1.9948228304629778   0.4217591596515161  

0.5521902702245574   1.861243862608356    -0.4581912385314012 
0.5915560967854512   1.4672017681275535   -0.6144463906251061 
0.42561588240600723  1.6237230827357834   -0.8503533009478739 

-0.6330430580168933  1.1910931312543533   0.4529772232107021  
-0.6814323220700309  1.1129088532107596   0.28856824172661677 
-0.6084908156329812  1.0573432653202801   0.18631151296293252 

-1.1036354519664642  1.6836551151719426   1.5734061684058864  
-0.7828029704440672  1.298330912372872    1.4320157326815806  
-0.7673651176844625  1.4651196571339868   1.5065167165139335  

1.4541917290932571   -0.22103139716327497 -1.2541758259679607 
1.434529858011583    -0.3550458894594113  -1.2933377600323497 
1.145408367139415    -0.25931520889692    -1.6723557563466562 

-0.6791162458417768  0.619033818600785    -0.7397455634627459 
-0.6140577274556619  0.7714224051486602   -0.7907671317825453 
-0.9241613209652572  0.815110635270438    -0.7907712335786261 

0.49143913363692304  0.5338739303425079   -1.6322774864093172 
0.4457048428194502   0.4989331265148136   -1.3275592814221675 
0.6667770344058916   0.3600409225164578   -1.2598128757807916 

-0.2344149809007839  0.5666501665919103   -0.5714546854481376 
-0.16574746317864836 0.24350184226005672  -1.1019508577997574 
-0.0767323169231362  0.3839246122156783   -0.8083970229909583 

-1.905599409198275   0.7796695833298516   1.6874579958751685  
-1.5801435149778529  0.7146963868813777   1.6936208183764891  
-1.6896779208057653  0.9948747824505957   1.4420360830071317  

1.4538847255084963   -0.5089637530837405  1.3451660922072624  
1.8201805658790384   -0.09438154742337079 1.2580431164738706  
1.6597670143643044   -0.5103742257014567  1.45610989135856    

1.6927902707124551   1.4849144033446529   -0.3058299857897741 
1.498853160949983    1.955943881395092    -0.01652690777367727
1.63963836376332     1.5577112277157052   -0.14081807147766923

-1.013831723682862   -0.631609979909489   1.202034409972069   
-0.6857037141144352  -0.6151397282012354  1.3316235379751913  
-0.5792174856983927  -0.7997592825494717  0.9131752618793814  

-0.036528086550786903 -1.0707466841529372  -0.2875174970005467 
-0.20851144943739636 -0.672982741951374   -0.5628773499291635 
-0.20600201216851194 -0.9207521568196813  -0.11597280306540159

1.2591980646668421   -0.8549093750407435  1.3006332732630912  
0.9084959697262972   -0.7584187701048137  1.0294307103133988  
0.9035945863010465   -0.8019135844900571  1.1652285230597825  

-0.5071203556015945  -0.1983652350950574  -1.4720019971136562 
-0.656155507347493   -0.03765195760152759 -1.539946277372454  
-0.2891181252858551  -0.23872433064926307 -1.3196339451894379 

0.41766323435866803  0.630834995829058    -0.012007077334612704
0.7066641142906815   0.937159928257425    -0.004527345116471682
0.69650267125502     1.1205563352919765   0.053530728881204304

-0.9744497408455884  0.056051917420013475 -1.20374584248473   
-1.1546103758349378  0.5594194904224042   -1.414199090838495  
-1.2079603906459602  0.31205248871201746  -1.127378610825351  

0.6152898029437668   1.0073466788356356   0.9423669353336591  
0.5001752376572859   1.070637131320376    0.9127746027589578  
0.3656910987307148   0.6733908730824767   0.8504016539966661  

0.16183620534114906  -0.39575417549254543 -1.5509269062746958 
0.3343103559629615   -0.28476253972870746 -1.6320172931416586 
0.5301846590083271   -0.23728322533047497 -1.6243705502258445 

-1.9840327853614361  -0.4371584643554664  -0.3503464995587985 
-1.4397206839436838  -0.2700411167652972  -0.6215338236833978 
-1.7551075765997535  -0.3210995534877511  -0.29692677611911245

0.4580841754992708   0.5355696659900643   -1.4580362038382313 
0.34784683526991755  0.6788576957156278   -1.6796048969449047 
0.5065314474725994   0.5086234480243016   -1.8090147716697098 

-1.6240893797592328  -1.1700276837708004  -0.1620145721969134 
-1.6418440509516552  -1.2157411801210145  -0.20818699512831407
-1.5962098017523116  -1.3233555296945252  -0.27112815621592934

-1.264134830655089   0.799978210774133    -1.7936214304183    
-1.4094003767936     0.6134151270015802   -1.762596291220147  
-1.5686496420343488  0.9807310633393601   -1.9023375793553972 

-0.059059388520020906 -1.5606544139817762  0.6847762391305817  
-0.16460291288474999 -1.933818376568461   1.0772201740883447  
-0.12272115195472855 -1.8128919742128788  1.1086908475380526  

-1.8863471963655345  -1.2599767504710995  0.8777275745475446  
-1.5539630283285968  -1.1856248288449527  1.0959906470335203  
-1.5593519299299297  -1.1829418031564867  1.1222079510726637  

-0.3297408599112863  0.4540971397822128   1.138626183178777   
-0.4022041808488492  0.807369838715958    1.028551525000239   
-0.8233455986614487  0.6689138937295478   0.7231779900392353  

1.1086685450487452   0.4875528019058115   -1.3774710193682895 
0.6508586183746778   0.5565047341614173   -1.5525251998584735 
0.593484390872028    0.5076082290318532   -1.1475439083559071 

0.8354708787888983   -0.14936495209909742 -0.5233399545207658 
0.7292296691860862   -0.2259045269679666  -0.20038569529127137
0.6971815964451035   -0.09013917527478565 -0.4790910940907433 

0.954472639882959    -1.0740617065179048  -1.3293953869599915 
1.012325589777686    -0.8631405701978339  -1.2366979562158944 
1.1054414295804165   -0.6933374975144554  -1.1513229300286143 

-1.6865029198824761  0.27121408020123505  1.5105871003271112  
-1.1461994961683644  -0.1215809372243333  1.6251916359748102  
-1.3124902012504198  -0.04205904276707623 1.2156948515023067  

-0.7613148963025704  0.6792308278778394   -0.17180896148945912
-0.6866110457380047  0.6172617197921415   0.2758878149763352  
-0.6522888223340341  0.7682226269622853   -0.09657244048198887

0.15101710315916098  0.33566439876155163  1.5998389940010782  
0.24540725397441454  0.5109335003008442   1.451909120685875   
0.28376905000310865  0.5114956215146739   1.6896737096301022  

0.022929303937579082 -1.1710542663693566  1.2325813758973374  
0.25708580618642407  -1.6780636310004682  1.2443269193455677  
0.11747441491566002  -1.1980423727424938  1.314802244907432   

-1.2878419070304723  -1.6224679348960938  -0.8118321735047029 
-1.668906169033166   -1.2010977630250668  -0.5069514388387253 
-1.2816809407814531  -1.2108815622241846  -0.47586385853565294

-1.0452627090637436  0.4807996042489154   -1.45535062120474   
-0.9403336692112674  0.15074302792100794  -1.837695180040901  
-1.1060088866113478  0.45064869949821645  -1.755007391250271  

0.21851281922323507  -1.358380082553423   -1.3772052439180735 
0.38805264201523043  -1.4140421320387098  -1.1590819454637566 
0.2271914544608174   -0.9314151319023566  -1.2078262918825158 

-0.6081186993909135  -0.005876341202270097 -1.8479410745325626 
-1.0374069273040118  0.1674483178300103   -1.8878663710281618 
-0.7117815492063684  0.08400447711129899  -1.9977977660331891 

-1.1542054921962315  -1.3449525750655749  -0.5906111643739467 
-1.0898992835119923  -1.7045959736044731  -1.0906739029522414 
-1.358738939304279   -1.2138240865437402  -0.9628782468272813 

0.6821824033130578   1.5805506355962753   0.9890435544643656  
0.8787245165578514   1.5633690672456022   1.3005926056875545  
0.747076583286951    1.7170452922666068   1.361058251324606   

-1.441074343971568   0.5082228697591081   1.1064589171184012  
-1.6073688609353662  0.8335425745425803   1.0920879097201146  
-1.8357040729735274  0.6586587200062195   0.5812785031161656  

1.680573170554355    0.08338109193244264  -1.1605099580678093 
1.2961243363974746   -0.2099961405127258  -1.1264002266116053 
1.1483971095464927   0.02606702202410688  -1.3265586670537313 

-1.331092721565021   1.8309398768985128   -0.006934226124040543
-1.5931830463855712  1.6267196558518875   -0.046413158978357155
-1.3381749951251567  1.500404924117972    0.24439520422844074 

-1.5289092256582102  -1.6221803784341988  -1.3224096474131266 
-1.7630450676409544  -1.7561606822809428  -1.3138615219247822 
-1.71182818171142    -1.4796427100186285  -1.375344054830147  

-1.4417078341716212  1.3531061093673526   -1.3760429683808333 
-1.7892854991310458  1.17264668258729     -1.1144293700886219 
-1.7750391781912602  1.6659989214119244   -0.9797621299744755 

-0.6195667647341006  1.5972774721072327   -0.7282390301723245 
-0.6820008664840455  1.68150117841293     -0.9530815534756057 
-0.3968290657186907  1.4364769633370162   -0.6663710441648016 

-0.4564467762082722  1.6209273100214643   -0.5318331800663884 
-0.06439116733384154 1.1758329070381912   -0.6672300441348259 
-0.5609405172171057  1.3002705842399973   -0.8473540887025168 

-0.30630594034665726 -1.1845678939429325  -0.30347278180304493
-0.3793027237267839  -0.9991821529644126  -0.07529744949661132
-0.07994763192053606 -1.1825835970336327  -0.3067019778690421 

0.3722301732853778   -0.19744511077804855 1.2055069051979093  
0.04240765585145756  -0.21356723597538624 0.9349930661845385  
0.43840036322681925  -0.0752353134253067  1.2235616967269662  

1.9390426549229562   0.23140506740451228  -1.0206604362209177 
1.9590260502916435   0.5475123603906812   -0.9053525011667466 
1.9820017308716147   0.2594943554758083   -0.9188395857417028 

-0.2855526233428692  -0.7872072509726453  -0.10127110194158229
0.25333289388253866  -0.407876503176853   -0.22319732491480082
-0.08151409197645634 -0.5875380205459677  -0.5162574797278536 

1.5126276512665195   -0.6056407534055577  0.9477129163483824  
1.8306752517243376   -0.3563881096926148  0.9012638318532543  
1.7706860689056136   -0.8417999987416267  0.9585255007408766  

-0.04834951842181598 -1.5495614210581605  -0.43827073987372483
0.15655868288808705  -1.2264005444165709  -0.37854922655885886
0.21573771428989574  -1.6400720329415253  -0.010495697825132155

-1.232156352882898   -1.060506158847625   -0.7828689292300197 
-1.3675608847019387  -0.9486630072633466  -0.6705964241580153 
-1.6012798618608213  -0.9715833399964175  -0.6912115550954587 

-1.0237068385466594  1.0077685877450162   1.6490435475409835  
-1.0470441449419694  0.9492934798266376   1.8158795835268124  
-0.9382833853341622  0.6416263522591386   1.5405946920110858  

1.0270646697322952   -1.1542766694825204  -1.3643495035645032 
0.8563448521567228   -1.264269835896532   -0.9395844895539023 
0.7717171732397847   -1.2710333908011322  -1.0801760115251708 

-1.4931914261955426  -1.401580258597491   0.42590331768161493 
-1.5858976037211807  -1.681727703464229   0.7769192643189623  
-1.574322586671616   -1.5198633655834557  0.5023600068180419  

1.284107036228712    -0.7107280804832397  0.4727383472404707  
1.541335061870365    -1.080184642517073   0.3356165493260678  
1.6363086111673741   -0.7545564322422289  0.4877072854088114  

-1.4439347073882205  1.8014029816525499   -0.8858906706521747 
-1.6340222544255298  1.5942955137531636   -1.3490413829828112 
-1.673474582153894   1.552262008005103    -1.4138216905742627 

0.19748874847386472  1.5174418754378938   -0.4452700186806542 
0.0005957717004428376 1.3610403893556164   -0.7281317714379607 
0.28081275708550185  1.62410240277847     -0.8227831559118496 

-0.8446836073503883  -1.5032735364711711  0.019272715737132795
-0.9628493628382864  -1.4999113497242023  0.18426933285911185 
-0.649945315488617   -1.5473014644484726  0.12895838447523877 

0.9786355464388244   -1.3463994054371144  1.2552641685399686  
1.3979930888111394   -1.6381029253311072  1.4093806230434185  
1.161735557046463    -1.178425407252416   0.9537525291849442  

-0.5585557141862535  -0.22780081231352084 1.2100944709099974  
-0.14536774132797115 -0.5407795925722735  1.5657116810246041  
-0.23543663239016804 -0.3541064706086078  1.4482696223226248  

1.2748825349247754   1.565182636367785    -0.32536320019534537
1.2730152964894366   1.1578914966187055   -0.21034530508975358
1.3131956706754315   1.372234999112725    -0.02134841776037144

1.5620863627468378   0.0033654754585609736 -1.2367828784648356 
1.6327163250848038   0.048656944873391006 -1.1708050913240204 
1.7662281468118355   0.12028661877712693  -1.213517784455838  

-0.21271984920315332 -0.48421256106856037 0.26829659663381844 
0.2571881452484832   -0.5238358299393177  -0.20095791899605886
0.05367771264634197  -0.7739140606761358  0.005130655276693097

-0.9418861674329579  1.7535941271580753   0.18149251088917767 
-1.2641101693001966  1.5447924178990187   0.2356399131733035  
-0.9173803105852125  1.7105483270139932   0.3435777111595248  

0.5614511947060361   -1.1311720291861427  -0.12192128214636036
0.8155628654698239   -0.6898673432318859  -0.07911107545488388
0.3719495227994079   -0.8024328265617653  0.24927747862998173 

0.3628970796040034   -0.4356458581857715  -1.3133734375264088 
0.3382268146420053   -0.35809256158483543 -1.3665425212513616 
0.534242126058289    -0.6515611237680243  -0.9821310981224292 

0.5541619995797052   -0.9563981475590158  1.9563105866675052  
0.3452510537770023   -1.1501884111103124  1.8759873050378397  
0.3114657666697824   -1.2308468252995954  1.4643648321360536  

1.4769324408218978   -0.9898791326088748  1.191432875551213   
1.6183320460284496   -1.31758888696021    1.6192477830909768  
1.6274706038129998   -1.059215454369228   1.3113350273129998  

0.34343788876574716  1.0304522698872698   0.6537483347664248  
0.5325400145098191   0.7954402044242681   0.5068300641303869  
0.4623585339543174   1.079447620925864    0.44372334086094134 

1.7338632796391025   0.6294436691841299   -0.4170308153165634 
1.928727300178041    0.6672103763648498   -0.2529659516785048 
1.7365700706864042   0.7581914838434537   -0.3969127988295841 

0.12726236564951812  -1.1093037278349542  -0.9382421928629351 
0.02322864170672395  -1.0425062618707162  -1.3073729702353916 
0.05509217240369729  -1.039865030289023   -1.1180232872427065 

-1.6731504497589058  1.3558032700646128   -0.6937534393788436 
-1.6507735001141666  1.6486806977653274   -0.31860326125549565
-1.4879992788565495  1.1903945153139857   -0.8052221713201131 

-0.07830061441946623 1.5336508201483885   1.5004351186363922  
-0.5607698682443226  1.3518944257511756   1.4718805798174233  
-0.5537303158108487  1.4726654244088364   1.5121612116055183  

-0.5205720424915714  0.22637456761926544  -0.4939349729003941 
-0.051040276568428244 -0.09310207661804823 -0.574518554000146  
-0.5208386342139588  -0.2288089770953789  -0.4157281912851889 

1.5131288548544835   0.016215377012119114 -0.6083044669392791 
1.4876360743532342   0.05849567550407653  -0.7664375764805573 
1.8425052638108645   0.216176532057894    -0.5888480059822414 

-0.07133909540450589 -0.11331442286020352 -0.28250506413536147
-0.3991161055996135  -0.24618276684110932 0.2211794749774041  
-0.14161123699996203 0.08001557267666248  0.07875101749238583 

0.5799565864767634   0.4494067217232171   0.8467215452184924  
0.7608830942110163   0.8316688030256582   1.129102554854073   
0.7930794572036772   0.5697208596818527   0.7625599031542977  

1.657448761360786    -0.1331561589325483  0.023778906017265677
1.9673945596758653   -0.0221104538832127  -0.20668528833118105
1.6580037164824508   -0.07028221038981075 0.155635372227848   

-0.77486502064878    1.1876659011609663   -1.371173849648423  
-0.7257122811190901  1.4401581611802512   -1.4064537301470366 
-0.9495144388954994  1.482400923899419    -1.3529945625501367 

-0.9050897102060176  -0.7204077747347906  -0.39102825012313136
-0.9403434255181164  -0.9944988653168169  -0.4185011119186194 
-0.9591252455847219  -0.9897934869314782  -0.2478022068146568 

0.9768710045507628   0.05767271006800423  1.929014062196854   
0.9931671961893473   0.483139285482962    1.9977368663366344  
0.6301402700044489   0.22128228936731478  1.5064465919654646  

-0.9337819688428584  -0.3352638732397436  1.984649129681639   
-1.0786784812913661  -0.2641965946203852  1.7633665889516243  
-0.9447356581334476  -0.027672759109345746 1.7802885331369938  

-1.1128604776433064  -0.641243158562504   0.6447448817260999  
-1.1402695470739181  -0.6845012179828485  1.026082808682224   
-1.2072322225235894  -0.30145455682976074 0.7759462186786181  

-0.8074621323231076  0.08833277752867114  -0.6373414256488537 
-0.8404421333905725  0.13639017433023815  -0.43591560163065984
-0.5805118480659767  -0.057089980486702   -0.7737167248199086 

-1.7361869582628042  -0.040574448974437904 -0.46602558082544265
-1.5293157412880447  -0.003588067470042866 -0.41115501377556873
-1.7176626883328558  -0.24849691369224536 -0.6318189703158239 

1.6026875716098279   0.7961494803525816   -1.1882533593722922 
1.8810387681407943   0.8445015284261229   -1.6540640497500954 
1.8282364281824806   0.8056245732697147   -1.4325398103613964 

0.9747252818784167   0.34121209570727307  1.4642389237148792  
0.7229621746706381   0.7207364111692907   1.1918968716551281  
1.095530385206024    0.3353119341527098   1.513901727413089   

0.7750923373635024   -0.7298216247939993  1.2274087459397092  
1.051924848570812    -1.1322859733785449  0.8923026424469507  
0.7373246344159834   -0.869602420408337   1.1249235559418618  

1.1740939831620794   1.038324015292584    -0.25710626757693966
1.0349635948177773   0.7555280440626457   -0.5387012327088945 
1.3079030735108441   0.6308996119800192   -0.1835589033094086 

0.4261376660868478   1.9171072105275808   -0.14044578519160178
0.29020627967203005  1.4406160987397183   -0.30448291217466317
0.6312847091678828   1.4624565777593712   -0.1685405205121681 

0.17523470443658898  1.915574128837719    -1.633058274346408  
0.5555537520909373   1.7363084421831958   -1.4642952738620447 
0.01095408893012012  1.6883925866433767   -1.9471710486730123 

1.5625758920299389   -0.8909302756947943  0.7540493088371591  
1.761378752111721    -0.5849870544061669  0.7825224175047606  
1.4946242328073724   -1.1358863817772846  0.8216416247779699  

0.5468825830101085   0.4006809191471733   -1.9441682702304852 
0.5028445871035679   0.8350610777440676   -1.5263651167511896 
0.7543845756503227   0.47841825505322866  -1.9310430709101827 

1.1266084387920332   -1.801300877159302   -0.9511594442788833 
0.9847334950180129   -1.9239320150932882  -1.3970142822395817 
1.0627924673494547   -1.721463321958119   -1.2028410612117966 

-1.4033242905553132  1.3691719306012642   -1.4862167125224852 
-1.4088250981289752  1.272725127430562    -1.750159727231753  
-1.1563821710141111  1.351967998573331    -1.7391103935135181 

-0.15248998158997942 1.5427939726587843   -0.9982461540338485 
0.2077686419328839   1.1688084259685223   -0.9548627719374602 
-0.25483439083598625 1.2961962989089284   -1.287080164950113  

-0.05492521246241189 -0.8382991228204463  0.30988479640722416 
-0.4012278708222891  -0.8902721216880713  0.4813553241200278  
-0.4390191004900018  -0.5853450757211293  0.6933840103668409  

-0.286258591552872   -0.9462181228872435  -0.4674477704390506 
-0.2798153504618322  -0.9286937524010488  -0.29655548352039834
-0.07117618530264169 -1.303527918842975   -0.09117181029059668

-1.3275565210143017  0.3067741157357107   -1.4673292869456014 
-1.2749505661516094  0.3334170173531665   -1.4654204766311254 
-1.1488621058559394  0.8411916093895289   -1.7579249502785281 

0.24222108068633863  1.7006692796936749   0.37215162565322735 
0.2780922852634984   1.1661703248032516   0.7794013067345726  
-0.1268918535365365  1.1546647305486153   0.5473391685460289  

0.958502098347275    0.13201464950671785  1.3406414887518094  
1.4149164076237342   0.05209990983361276  1.1546492171622658  
1.0665425959081691   0.38887199606120665  1.3978643002531388  

-0.33387644266809513 1.2571238417662394   -0.17265477797067577
-0.24391534121124908 1.5402182882743762   -0.2505474070607183 
-0.4665116605993364  1.341202170297007    0.13150014724307302 

-0.8567368132141118  1.0061938963234467   1.3075482328472978  
-0.5359709073621867  1.056624710766338    1.4191310205549492  
-0.5872237084072599  0.8707723851339657   1.2403815429132024  

-0.5932785696340181  0.3359056171431577   -1.5434315783169994 
-0.7325820120912776  0.5008238922641352   -1.2348712666778043 
-1.1008399104512103  0.44230886249063006  -1.297390765522624  

1.4375943322048865   -1.6148356861551614  -1.1906261561337506 
1.776586467299478    -1.6085713761545524  -1.2118667966110792 
1.9302240223953058   -1.5124860097388249  -1.6209891461550443 

1.2349063259672977   -1.5624272590444628  1.1336145132330735  
1.1092332706495907   -1.5775048187958056  1.2708527174264264  
1.1565471296736205   -1.537108229244419   1.3187332974212225  

0.8706905026561587   -0.2930838323815763  1.300411101069832   
0.7846279898382997   -0.27397937366187347 1.5935888397021698  
0.9880718093967322   -0.08723035944616048 1.513100394360483   

1.5028795046412196   1.384395514744154    -0.6913584945385576 
1.477203314165643    1.4160912701506678   -0.4134655540252007 
1.5372821538870487   1.3405012063765456   -0.5331775501224789 

-1.5378986555394207  1.024249226495048    -0.09376185027175771
-1.5859432746347484  0.9414561563214238   -0.0062720670969356185
-1.687202706364806   1.2320428308552813   0.1660548208747215  

1.2163158427357892   -0.6210047615373563  -1.469385794485279  
1.2215070377527937   -0.8428514028324474  -1.8915303353814827 
1.164563906167478    -0.8353954102585253  -1.955356199937449  

-0.6274090145249904  -1.719257388032389   -0.5153754600935277 
-0.477185572372724   -1.4943552863546699  -0.02207790347122507
-0.47394239466297977 -1.97024364968962    -0.12716759603200412

-0.36278174683027775 0.12907470257063886  1.4056878491661418  
-0.5397288547386165  0.06918289013681356  1.2956472832721087  
-0.46683831687766025 -0.09510697943706489 1.1509225852376548  

-1.922109814682074   0.6533505789310745   -0.08865834883404178
-1.6651048351176636  1.0735901820527616   -0.21473433271897413
-1.5657993357328899  0.5832216234633855   -0.33349680564761397

-1.64538627182287    -0.9718057748840578  -1.5790839291256094 
-1.576060130590127   -1.06935245597638    -1.542589996954716  
-1.992753489353717   -1.0291276641694753  -1.5302093218638786 

-0.7278553839191965  1.4807909404175734   -1.4831771791422004 
-0.3942194394412722  1.781662714649984    -1.4737926666834464 
-0.6739581630005544  1.9851043579396737   -1.4258841092715389 

0.24941024304413845  1.948705476409438    1.1694205870455905  
0.26235434444989414  1.9464429480114906   1.5583177661430527  
0.13567398839487727  1.5529045880915726   1.363976107375757   

-1.2854419742386627  1.5285528099040773   -1.0931717195245354 
-1.1270090655927971  1.3593396141546215   -1.2769307962428371 
-1.3664542541210312  1.5924931663943882   -1.0855599947057941 

1.1719045451047676   -1.0886034617257978  0.5382172037303272  
1.6297953962768776   -0.7892677751247485  0.43133842438983555 
1.6308559931008673   -0.8856897610516599  0.4347108947189928  

0.3998381569395515   -1.0604598441287068  1.1079897512879198  
0.16750942694706236  -0.8940821565035744  1.089576429167945   
0.022703612722912436 -1.0272765636332408  0.9749781857401723  

1.070198059660184    1.3802769127677599   0.04327188043215083 
0.6027727472300446   1.1601010381549803   0.04665239473094379 
0.8555577766909748   1.3978722019030647   0.03343502027442957 

-0.6663478297499416  0.08240409561992823  1.3714845370444726  
-0.5113068707278217  0.40303436503779677  1.6083581497653165  
-0.3963142393656507  0.04323292066645193  1.2352369937746044  

1.045408729496013    1.1114723766041354   -1.5473219408931447 
1.135402110081202    1.1601383695495056   -1.236183170289772  
1.1311902627392487   1.2088955928187772   -1.5475818414103986 

1.0922595912754323   1.3135799785095137   -1.5331959956110182 
0.8717486398547356   1.2986731374171434   -1.869370901653126  
0.8792300771006001   1.2982965442300127   -1.977843783557366  

-1.685689146165101   -1.8766980122942827  -1.9214953734897093 
-1.6318294637506603  -1.552005020113891   -1.5490485680688242 
-1.5088825061516025  -1.7109221146704026  -1.6412303126736603 

-0.6726682570092986  1.6599409390972024   0.6503242940132192  
-0.7871950889714256  1.5538802700314156   0.7134111488791979  
-0.4665355272993243  1.4148377229461333   0.6644800979771572  

-0.41574659879241044 0.2630990123032702   -1.6592195818963318 
-0.42438392194798946 0.22126100124441006  -1.6204856137695567 
-0.8476245280524857  0.2717890234224153   -1.4288085664897565 

-0.0820222431497481  -0.29322877401995406 -0.7533302750828939 
-0.5711555802818218  -0.7516568170501181  -0.7581794898256902 
-0.044269586592984855 -0.5867569198347106  -1.0258021006082465 

1.7224108866463193   1.9292453425966885   0.6652646700676611  
1.8654156434460112   1.9257579608337305   1.13091535452206    
1.5778536454558156   1.8295499229836598   1.0099275198091922  

-1.433475041897955   1.6898673593242177   -0.08671608147678234
-1.493888938537      1.468502503848433    -0.14475987155527248
-1.4550274289756402  1.6786353454514547   -0.015869339866956378

0.8551147461856419   1.3569498312495285   1.9946122175822132  
0.5520926637921088   0.951264569377487    1.6673823752241987  
0.4729755436745555   0.9682692975504504   1.9908834721019606  

1.5009537374842334   0.5843914033620301   0.19580853229145773 
1.5257226020339036   0.43686962303406424  0.24305396372828192 
1.8555827541658538   0.6106757975522485   -0.16998720410885498

-1.5054245138850206  -0.0811925411800416  -0.2908693775704173 
-1.488738871898289   -0.012318097668780337 -0.36147877371326925
-1.33171747275972    -0.5150659111664841  -0.8107756331719759 

-0.9509034915438642  0.7235677091391722   -0.28577912472204614
-1.029003790157383   1.0513607704863959   -0.6921062909401926 
-0.8516538300239431  0.9951857944109318   -0.6414340751581563 

1.5832400086481522   -1.0003827264806922  -1.6688149229682638 
1.9818443601972886   -1.1319282448077623  -1.391485112589987  
1.564626932869382    -0.9737420503675855  -1.567640164435383  

-0.3950044067194796  -1.6841044533184497  -1.0842655252224722 
-0.4090274742488275  -1.6649306912423518  -1.0745275195267459 
-0.42122453363636114 -1.4640158975003295  -1.0831072179792192 

-0.7558713201685089  -0.4185753288129715  0.38688635993030474 
-0.5861834610749475  -0.33437594252148495 0.45215093086497526 
-0.3351800903425016  -0.37996846411149277 0.3047169826170481  

0.8206447581566982   0.29483750250180724  1.0805427283156903  
0.32655403339722344  0.21950237410763246  0.9613617029886228  
0.5143449441069567   0.5538498382516435   0.9177948480490542  

0.6903934577846911   0.2616958273048202   1.491549611427981   
0.6927815136942388   -0.2748789116248764  1.4736153988394378  
0.7649317130179027   0.039740709871622815 1.1909809119934025  

0.7406301872408555   -1.2531772563201642  -0.6574360473690913 
0.43819209089552275  -0.9512505044213686  -0.3190015391984725 
0.47481900872863114  -1.2149222613811714  -0.7220482477328293 

-1.9667316420853185  0.5094940560728987   -1.929577054397623  
-1.8511334154548913  0.29303390301466486  -1.6852202108599483 
-1.898594994913848   0.3283509062338541   -1.9714084550036783 

-0.48993231502365137 -0.771646843086067   -1.3317872415293133 
-0.7480878543153657  -0.4468572420935203  -1.3416295416131465 
-0.7740337321812663  -0.40383972296607473 -0.9517935127529729 

-1.5382326253536165  0.29810114295693785  -0.5295780779717139 
-1.7990581891150221  0.36897862828991657  -0.6527852700145187 
-1.5889303599829807  0.32197857826069115  -0.426915999607018  

-1.7992847102553569  -1.2943112628141125  -0.4223898424412529 
-1.6423900298099399  -1.0463625894521855  -0.2721290276981986 
-1.7971238570607855  -0.9797379258048786  -0.10282503352420763

0.8558470506595854   0.13375181228267413  -1.7002199745475843 
0.809899571791062    0.2737886894282773   -1.3565390376975965 
0.747216680620969    0.10959450936839532  -1.1451203294920695 

1.9115066472709707   0.7152382109513025   -1.186422053009185  
1.5250018910231642   0.9133132026269175   -1.1570626730834521 
1.7225488436203242   0.7173826981066918   -0.8847909277893042 

0.9670646027171963   0.5661445257617211   -0.38626012452133246
0.8253596798166036   0.20839117377522703  -0.4891131268817942 
0.974757924504115    0.5592746556556053   -0.1312290636103539 

-1.2210857673003435  0.10805446251885376  -1.21656628453717   
-1.3404918629734128  -0.08770889148314184 -1.4278043667274705 
-1.2135895071467462  -0.09042365780791789 -1.3781950820877222 

0.0793998142989768   -0.7528569650385156  0.8352679281775951  
0.367606867435596    -0.7786251761328216  0.6299291834930466  
0.5001954099785915   -0.5959049277622865  0.4276103195557064  

1.3851454623030506   -1.2455056545544914  -0.5612477779792227 
1.6672229886071812   -1.697475869055566   -0.1634184050043157 
1.2710863733098858   -1.2633943740479316  -0.1477840213482397 

-0.7156694568471751  -0.3464208499349427  -0.8954146040933681 
-0.7841347891652275  -0.7654601527929101  -0.8675448182206762 
-0.35397160673762684 -0.8113509320837544  -1.2550520845106128 

0.21309378066117113  -0.14021561404804933 -0.9128688064914303 
0.023481048547663474 0.0023076317807550484 -1.1468301496832096 
-0.23578976152522174 0.1379115927800343   -1.131954486464549  

0.040797530322730896 -0.20474778182135067 -1.064790128957763  
0.17516812925611053  0.17352782917373827  -1.0380467127640896 
0.4525988785471584   0.25892511224728665  -1.0685102971077765 

1.7062496508858733   -1.5883449705522628  0.8291035852583292  
1.8616466197640809   -1.3022903409401725  0.5847497804044722  
1.7462120706501314   -1.360335649879313   0.7086766129256081  

1.0407516101496976   -0.5200809199414227  1.5736996171877462  
0.6851021566134572   -0.24386859654074206 1.4430688152905295  
0.8013581230446994   -0.029151686606634697 1.231656776816075   

1.1335543461398978   -1.654785520276746   -0.7607025253395343 
0.8007694833044834   -1.1638917901281882  -0.8328700142969128 
0.8668116319201643   -1.5277742341246725  -0.4677009151479401 

0.9965750157782294   1.3683298666649184   -0.5336910912297388 
0.9868964659123473   1.5383466642227892   -0.3993813446434191 
1.0646237897330146   1.4567263070635432   -0.7641286933992288 

-0.5895945996590721  -1.549719820830567   -0.931019018458622  
-0.4693274034231461  -1.3908460382963126  -1.0709278482700286 
-0.6652569768621719  -1.4321688653222497  -0.9143319834833393 

-1.544595455416437   -1.510299367337284   0.9296036019347634  
-1.4004095072114442  -1.6912027111305743  1.048053399349444   
-1.703916551292652   -1.5485143151491092  1.178131745222172   

-1.2607137924757812  1.3839715016350498   -1.4156555975041227 
-1.3376977903236655  0.8829278291175457   -1.1474557715804452 
-1.3845384857656078  1.1716608784224967   -1.3294577057799701 

0.4823513647379082   -1.6656995638779206  -0.5281451221518083 
0.667257146942522    -1.9889461599838012  -0.42212564777538175
0.4088011370923702   -1.6718534023924465  -0.20328956437204243

1.447423110561266    1.6584969371551586   -0.07318070901830659
1.6607926002881994   1.8088395126733032   -0.5397223854617439 
1.6743444149138302   1.9867427019845108   -0.5226290132919296 

0.00524517014486664  -1.257757922157173   -1.0920521319822936 
-0.18490741871079264 -1.5818726651219102  -0.8883912557684752 
0.193143032512206    -1.2160282210496425  -0.9914548509025967 

-0.8534760980439455  -0.4805242753491056  1.4606260685315509  
-0.6336708647199213  -0.45865494723167577 1.550607918550347   
-1.1345666980871119  -0.7911407490807908  1.5548035668012439  

1.3436059686202886   -1.6108072476995723  0.5003184617432761  
0.9461492421538225   -1.241147916366599   0.19714354242475862 
1.3925835843370806   -1.5192504348096196  0.2269204685783262  

0.09090278431565307  0.4861145126294126   -0.84126047898027   
-0.2467312865119024  0.6670219245240412   -0.827088364569786  
0.15139744729482996  0.8442121481193458   -0.6208516445598099 

1.0830530216130891   -1.6523508448411799  -0.48253882901128115
0.9421541858644492   -1.7092659624649242  -0.3781815072160876 
0.8181546272186254   -1.685560187972778   -0.24537032036553214

1.9886218480962476   -1.693773571658783   -1.1320159376707204 
1.5095559264744056   -1.473865274683198   -1.0798135231950914 
1.5439161948068942   -1.72268248663306    -0.6637326106303222 

-1.160478336894114   -1.59584608226262    -0.8863449003774624 
-1.6906719306310622  -1.5213610509796633  -1.3216173763932333 
-1.4503612840659104  -1.6647301360040558  -1.1117241559424151 

1.2819658669611018   1.527929792371772    -0.004040456279493454
0.9881948987470519   1.5936781934952826   -0.30654491669183337
1.4266999459901921   1.4582563976658744   -0.19422921255464737

0.3706859217976113   1.827021465033556    -0.6579261693752403 
0.3607692372593615   1.6817222949068218   -0.4236054034973725 
0.4265089500197246   1.8178125286220292   -0.7636002728953395 

0.8660350642145062   1.505557185765881    1.6048063484569133  
0.8157230644823747   1.9952840576622983   1.318477267035172   
1.1350513964209155   1.9002502804739358   1.3685983695945332  

0.27543309654075543  -0.9829628181375039  -0.9866868826817052 
0.1591567039705859   -0.7179531690523698  -1.0268506886031448 
-0.18303707568519922 -1.0107400228863117  -1.126959646618439  

-0.5772862805145004  -0.43071349199687237 -1.0189465850106456 
-0.7116311499586413  -0.37729596278032457 -0.7554615348554913 
-0.7733539536779721  -0.5672729933505642  -1.122921069859785  

0.9724199519335655   -1.050443664282177   1.7010133909292977  
0.9423147791480324   -0.7913333075469708  1.5204004967208722  
1.1822726824165026   -1.103216795043434   1.9362528519634516  

1.8444087019620405   0.4150041318007517   1.2436253038461782  
1.4400652712608637   0.7751640386919436   1.2970728340703663  
1.4890399002068886   0.6899067945661795   1.0472857961959656  

-0.6821394761116936  -1.7072456979898472  -1.0222801624504307 
-0.4818488808354624  -1.925312229576956   -1.0615130897684328 
-0.2862150752637097  -1.5660259820225049  -0.9304987429588383 

1.4788813982280598   -0.5999087850118747  -0.7246388724059606 
1.2283548451606068   -0.657790937585476   -0.3184646958631949 
1.1487037696721283   -0.6745472462750549  -0.6478470381812439 

-1.8455783706300146  -1.448456856179328   -1.6124993883428012 
-1.546599665406385   -1.9846405731431163  -1.3918100008113066 
-1.9053921094512494  -1.7593280494788264  -1.7107914190333378 

-1.9103824174845914  -1.3279305897133564  1.1479686217375749  
-1.494228107085112   -1.1712772569747525  1.5657148459247663  
-1.7065651215922713  -1.3728773679392225  1.5342422786943315  

1.4374113487379745   1.6743551985167717   0.0032248486773145957
1.4427902233542116   1.6694782492739866   0.3182819076956617  
1.3424143136943787   1.502589551360926    0.09216773190465627 

-0.4262569377962075  -0.22676419479372514 -0.3464893051770559 
-0.34834742679553043 -0.04617112720215946 -0.48883772344437104
-0.06219220541496706 0.11114377480599263  -0.34342080920298956

1.1509444197490137   -1.1480922532562092  -0.43989275399138483
1.0915596057730395   -1.3222869734199136  -0.4085330562514725 
1.39741851011769     -1.1790150271069493  -0.0733009004088378 

1.6631193757664062   -0.5425336151930065  -0.6902305777358169 
1.8615394276003658   -0.8504243173567649  -0.7311125300921261 
1.5902090152657913   -0.4380688780082294  -0.542891379297997  

1.0399084994812888   -0.31934320355841295 -1.558258793925409  
1.228021450540741    -0.5410764701822148  -1.660431615436026  
1.178259223599571    -0.2964228501322724  -1.6110073151412725 

1.5450799950808045   -1.6477256367912039  -1.6707047701822266 
1.9136350818880103   -1.380413510297394   -1.6991027324304193 
1.4417984188252897   -1.2908531671989958  -1.5573436899886126 

0.2814907342890065   -1.1089178177282308  0.8826137541348195  
0.013458771931531943 -0.9042592330371146  0.620433978299834   
0.47722590430633166  -1.0465734233207244  0.7681907630531905  

0.21607339556585348  0.7337439254100061   1.452232866633749   
-0.13993365223410129 0.9687954693860267   1.7043728959638238  
0.2583444968520391   0.9833932945703964   1.5374420392196944  

-1.8334068891321929  -1.2241947529832125  -1.0475473172264587 
-1.7631520348575886  -1.7076114340151858  -1.3117881024985756 
-1.8066571787653574  -1.2540419755751164  -0.9522410383088332 

0.4552294948179919   -1.875488557052666   1.230957030809424   
0.0418693465723374   -1.7174447036498859  1.3444337057021325  
0.29622476481196414  -1.996783180630425   1.5925603396178134  

0.24322856827404796  1.2125446354826561   -1.5502198459850263 
0.3395089767623621   1.6101072716654943   -1.756526719005737  
0.03959157292804985  1.489783227127152    -1.557745355485717  

-0.4448801530268418  -0.10865754575077408 0.7931022141507428  
-0.43696754103496416 -0.3161278277048659  0.5919927322003515  
-0.38733799094255406 -0.05939212278397299 0.7181582163731683  

-1.6065523595044906  -1.6386288443648978  1.302073788650588   
-1.5916348122423567  -1.9312851136162876  0.9060290490831971  
-1.6868397779609894  -1.986549585305853   0.875478463297265   

0.5429040395617949   -1.4928214282333623  0.2092279575931858  
0.5093836060135555   -1.7130142211133315  0.267675753142375   
0.6732907938190389   -1.3230552672817457  -0.23825069341208174

0.8960652400950575   0.09104407202171377  1.154240539276727   
1.0430567888124358   0.061697438123142184 1.1355723323926465  
1.0353057121672455   0.3999893112514467   1.1225364936978082  

1.5767465594636458   1.4208058173729496   1.4596747883636951  
1.1950695995352723   1.1332917628761603   1.4260179848767787  
1.3507950954088068   1.0683021138424658   1.3606699108608864  

-0.24173638081329707 -0.9642160470520456  -0.7525772040217782 
-0.1420139109737637  -0.9188646536233206  -0.5994264443184391 
-0.0025768372175009047 -0.9304066054820852  -0.7103795037638971 

0.9509475246173027   -1.0893461600444683  -1.3642022573889723 
1.0609173645507757   -0.7082271853042619  -1.2823906720539937 
0.7049152391822038   -0.8448520919009592  -1.3973393052787808 

1.0237207470253635   -0.17106553280784736 -1.082477229961425  
1.2808731671460398   -0.1640542222986288  -1.1913521679697179 
1.011453608926403    -0.16335388665118414 -1.1100382080158726 

1.415920536168111    0.644871687617574    1.3765463112598768  
1.4125704933708343   0.7032625796908323   1.4102609347682677  
1.040081446282295    0.9252849963364927   1.334970041263421   

-1.2410489962607851  1.1985226911049767   -1.9943663276204393 
-1.6630483719491937  0.9992550602074197   -1.478331237708761  
-1.3656629605342188  0.9794677516844588   -1.6417299584398897 

1.5255144481896308   0.4132950219797841   -1.624055550108851  
1.9148833222084451   0.7352933582123077   -1.4395981654421206 
1.9547912898088227   0.719692936533536    -1.589281888655088  

-0.7689991335714235  0.7468755838398097   0.9257553519901114  
-0.6965574229347252  0.6354807837351422   0.9757673176780286  
-0.4686492135874582  0.8465881337393701   0.5745928747371649  

-0.31664929827273275 0.320131973614629    -0.6273578296293465 
-0.37518871397749276 0.5678930538083693   -0.6679210616769548 
-0.10059372439350756 0.44908836785191475  -0.8984828595266674 

-0.6664100880918846  0.4679266607210549   -1.8707806325526952 
-0.9498828798253715  0.46020650869018187  -1.6945487188028396 
-0.6507372574375685  0.10271827510730797  -1.815950321929475  

0.902511633371532    -0.46477049101511436 -0.5958175430108148 
1.0995878354007587   -0.521702079790515   -0.9659372665905478 
0.9370406337918293   -0.26434048597591736 -0.8117556724205349 

1.948046396502641    -0.5079465431565637  0.2789093065643187  
1.4320882545553628   -0.25634574979295266 0.30656282817987107 
1.6608960289709245   -0.5285198710558059  0.14523930962845333 

0.18534403866246976  -1.4919557260985163  -0.25069354192791654
0.3942989939286383   -1.8424625062474436  0.25368770468810975 
0.4413021611587918   -1.8083644552389988  -0.10282535220140249

1.4812733263472064   0.34547520033066187  -0.2593697027905273 
1.6513596877445404   0.5591056100385405   0.02836549736857069 
1.8109520364064664   0.5777363818720375   0.24194824707654927 

0.55644777207035     -1.1922019541442168  1.9213027900750492  
0.727911846103036    -1.6240200578271282  1.942316607847991   
0.5237990500196025   -1.6692627275862821  1.739732876710987   

-1.184036729411027   -0.21538751036439724 0.473422007664612   
-1.6730592346225515  0.22863686320732324  0.33189577438041773 
-1.2694764592626315  -0.1193859069615511  0.37858627096168174 

-0.6619033011504958  0.21776631663688262  -0.7966803559310935 
-0.46620295209325413 -0.1638561437423009  -0.6843257608797617 
-0.3935425429480442  -0.04795705176936682 -0.818753791764574  

0.9508197447049394   -0.04075629135983011 1.8016936727249329  
0.9510305727199442   -0.07819146550307643 1.9397523979754399  
0.617950772103191    -0.14285491271006034 1.493648703798485   

0.06742674206968419  -1.6570901738593784  -1.2134589272473362 
0.22566989744414992  -1.7090910942640383  -1.7054925882369527 
0.4420171995022228   -1.7272589155016702  -1.2256049372837592 

-1.6263034196962778  -1.6420032241439275  -0.1719476199446059 
-1.434715820394928   -1.4603635208757866  0.08467000384947831 
-1.795116775123757   -1.3838289320468877  -0.10616272388164225

0.7345747976591431   -0.803203589217258   -0.2648881572170585 
0.9872909796664207   -0.8323153880146494  0.2836656636035987  
1.0975355500062165   -0.6434326265655328  -0.17003629888600827

0.9374602034514055   -1.999712997271657   1.4184844307924607  
1.05179270396704     -1.934264990531168   1.2448323891948787  
0.6565049481538067   -1.8385046270282612  1.3939231132729768  

1.3431551941871185   1.8618528957602645   -1.2299691517527716 
1.4220510730852882   1.4324224577808118   -0.8982008005401041 
1.3440541044821073   1.4698869800830083   -1.2738253229112861 

0.1613928372600062   -0.6523614223738987  -0.8154686944757382 
-0.23290932095565994 -0.9832909342087165  -0.5806431314172631 
-0.05006533129807622 -1.0558217887692782  -0.7146981854990124 

0.49158256468701006  -0.14881977587550121 -1.3302283354124802 
0.43255474937317473  0.12711554539868442  -1.1351412185986982 
0.44228288624960904  -0.26977969531188023 -1.1870260884775368 

-0.9993473467719634  0.6691966278397062   -1.1833689063935562 
-0.9704392930511069  0.6620137990427144   -1.3839840127607783 
-0.873661580616549   0.6523182845677121   -1.5131939413963946 

-1.2232433359716106  0.6085852545413692   -0.2622847765943602 
-1.4938101697942394  0.8678715686759102   -0.3943378560684245 
-1.3026226049762535  0.8213684797525588   -0.47970517345838526

0.5733626186481479   -0.49459311709333453 1.804277199809507   
0.787635281962219    -0.361591872379308   1.5615803754389854  
0.5274210050514447   -0.27017497699234294 1.5354441421323477  

1.3315643712363165   -1.8296415702638835  1.8856002836890813  
1.3531589680526501   -1.4906485484910328  1.8836305439598422  
1.385927347075258    -1.5004268044574665  1.5001990035035757  

0.817391052186214    0.9308348556024841   0.7508456351855068  
0.28800417874887446  1.1245865146796175   0.6365637502512156  
0.7479660558388954   0.9785009456634038   0.6982810879642444  

-1.4488912962350549  1.2227841492932607   -0.3104114256181344 
-1.4171508026344104  1.6132126547734953   -0.3344665416055451 
-1.4882391136278679  1.5499556491957      -0.4934654055931833 

-0.2682443316460879  0.18748273789747616  -1.9329331990376357 
-0.27302956299001047 0.4255283095052713   -1.6011166033499469 
-0.04558740203661593 0.16805603030383257  -1.8695182885240245 

0.9213726743745048   -1.6969513186668843  -1.177904470608377  
0.6494562310946523   -1.5028235642907508  -1.1932039051650185 
0.7925985378091555   -1.6660267959686694  -1.0177383030480738 

0.24803582437094407  -0.6359637443473724  -0.22870486675637114
0.2556484746521307   -0.5833301344473906  -0.12090486910740347
0.06486377515368646  -1.0307601324395539  0.22986993820104684 

-1.1215880566910879  1.4700255723892985   -1.409657325475707  
-0.8757992694258554  1.57637402874039     -1.2210976118288337 
-0.6734354258962212  1.6730409678546518   -1.2039781597417132 

-0.7542834791371872  0.06436147940086573  -0.8203618132191157 
-0.31360614668035447 0.23087572061238965  -0.6919812655359886 
-0.5894000809077349  0.0618666354380146   -0.7040194382744922 

0.9410995294886741   -0.07126067343469389 0.012176812258078817
1.2025425499423752   0.18495561424475226  0.27226965387461877 
0.9931534885114456   0.26592267503122435  0.1985342933148239  

0.7485093676087353   -1.6304095088106791  0.5141472900307158  
0.7159869317131857   -1.232729337590123   0.3317238077541896  
0.4633127013164377   -1.148531368707631   0.06745620925251711 

-1.0740637162396562  -1.5455240834766035  0.49967652190456147 
-1.3607102136134803  -1.6144499382678186  0.10165039008859023 
-1.3794374614546387  -1.301732558548696   0.35432575178298026 

-0.6181481317894233  0.42667538184964265  1.4367999019520634  
-0.8387587477752978  0.4324242676977731   1.366602484277802   
-1.0131658940083568  0.38956669396872196  1.4423087584682226  

1.4968780756490832   1.4671963051225578   0.4994411764678123  
1.2903048965245787   1.5595864958880088   0.4788597371438953  
1.3416575646293818   1.761664869612209    0.76843231898101    

1.5621261379970193   -0.21901092720857046 1.1340024358362304  
1.457786389205354    -0.5256099691318421  0.8043202484221602  
1.873353194391859    -0.3314211684196997  0.9004583909053323  

0.24002193584040343  -0.11253908720712469 -1.8260556325932067 
0.41195011070360166  -0.15802775936099334 -1.9328217240942749 
0.3392774899694359   -0.15870843061513337 -1.5270605582037606 

1.5622147343172088   -0.6813882913229877  -0.49990134004217857
1.9721184366973932   -0.7910775920944756  -0.8175877392552251 
1.7059352350435335   -0.8329137039739727  -0.32735704418525635

-1.2978047899972025  0.9387460603629432   -1.5816088224062035 
-1.3774017542882664  0.6865948499250458   -1.4491695948300178 
-1.197878899816526   0.683462841563716    -1.5170265289609233 

0.3702095710008762   -1.9841548771068203  -0.3681397875331644 
0.6024975541562494   -1.6424725928695365  -0.511228589724884  
0.41484474129521953  -1.7007938911375364  -0.6760268210097131 

1.6955687544897313   -0.5494921116749445  0.9816423524779774  
1.8407440288476251   -0.40282274395793527 0.9677960894505991  
1.6687498179254727   -0.39347198423472063 1.2754783011549715  

1.5947961861601634   -0.896573204846734   0.06275399076867655 
1.5883584967382718   -0.8113660452751018  -0.11397364701528254
1.925418936395207    -1.0359072054779734  0.2140447514049938  

-1.560496033615719   -1.2129298327219873  1.1681337709847253  
-1.9789891464139278  -1.1111132897572373  1.1387335727403576  
-1.8219403945374655  -1.0477955752416988  1.4207113583492217  

0.037572241973802656 -0.5639434158853107  -1.0554135847526693 
-0.06970251884354184 -0.5393857944619503  -0.782087849009045  
0.03742005655770353  -0.5649675160112392  -1.1354494199772929 

-0.32241047968139813 0.9688923359902889   0.7625516044015568  
-0.42261430772565445 0.9095207898403015   0.49640637446052144 
-0.35643742838918013 1.0211587912428488   0.5038562005207683  

-0.8790666523193924  -1.105022975994781   -1.2772148637184704 
-0.905838331079063   -1.1096263411586167  -1.350666787776683  
-0.9916713757300897  -0.9294776167519734  -1.3831643207561137 

-0.30929097640141895 0.7460459224626541   1.3002153950599165  
-0.08428634687728892 0.8131007190648212   1.3436995031781667  
-0.10352273569228748 0.5316933294331057   1.4180552923097003  

0.8083654957701718   0.5547330185166169   -1.0009275957501866 
0.8317187492144258   0.27809575531969033  -0.8938229202275861 
0.7613766283688963   0.20128899953177415  -0.7098767610408403 

0.8714932926069818   -0.24702474512901879 0.4971568722445833  
1.4083840170278124   -0.06680237126779998 0.5660037841018282  
1.4175594872496826   -0.13226239206383095 0.18091136927914944 

-0.07160563844246953 1.0322262624826448   -1.1296623040341647 
-0.42276668414446117 0.9133948160248988   -1.0155740422754909 
-0.2700634293681611  1.0410519087830656   -1.3674762802988176 

1.0841247510380083   -0.3806063020508862  0.5318411672181026  
0.9615111011690107   -0.6693161300082935  0.4427373946149314  
1.1174470449714615   -0.7335259891422785  0.3055782530863473  

-1.561762674348752   1.5228465862725507   -0.5123688368388128 
-1.8728924443660935  1.4459075179790553   -0.5341797543696825 
-1.5510947182114474  1.2617440803236157   -0.10710291391988724

1.5146268591220164   -0.029359646237507975 -1.0383391805019981 
1.6087996368335404   -0.4005742981538616  -0.8286430607046158 
1.971820009755166    -0.23834951667336646 -0.7872106991452739 

-0.10178953177630642 -0.3618007117643903  1.7007153363320597  
-0.10976239921829534 -0.28964630312077433 1.2000214734086112  
0.27151098220662495  -0.6280527077540563  1.246702534531289   

-1.2116954688735506  1.128433077167172    1.5208189683204576  
-1.1747020979702367  1.413259282743279    1.8405415871615893  
-1.1182317347296178  1.3330970913161895   1.5855430897546205  

-0.17236138342961088 -1.494543354768605   -0.04844820906677805
-0.2308877524921822  -1.8936551644508788  -0.48335056584559705
0.18504283597042598  -1.6302678608045162  -0.14325084006879613

0.2786804779169141   0.5989682693728517   1.4935314453219308  
-0.1478821345841109  0.746763991221771    1.4836246956654147  
-0.1679757054624871  0.49488792619268     1.4889579693809325  

-0.20530222403807252 -1.441544591479956   -0.6301494741029781 
-0.16434991769369184 -1.5956257163977154  -0.8465025537956938 
-0.12434979243705424 -1.1842389793865529  -0.9620209857108009 

-0.697761602938641   1.68582865752976     0.6603387263722933  
-0.9999506662932803  1.232401318014303    0.8404440544334146  
-0.6721009470239676  1.5095525046159959   0.8352308336049323  

1.36244987273716     -0.18254266414335557 -1.9271535429241458 
1.2469984583779534   -0.3672041743695197  -1.8862251189622952 
1.1783859620387083   -0.3901989960826159  -1.9549213025272107 

-1.880180788901316   -0.4425455676435227  1.4788596465275892  
-1.5095463788025834  -0.32554441774523174 1.2272032281061072  
-1.9239268764335558  -0.022282738581745454 1.5041732691325067  

-0.8715639741057666  1.4837251991281912   -0.44371345101666804
-0.8672202671666199  1.8888519030629825   -0.4222571482942834 
-1.0049256103322683  1.8386000705151198   -0.047670918780164606

-0.9051633173471441  -0.5093252382359453  -1.5616399038279232 
-1.2498571317387068  -0.5035395338990255  -1.8907756366599247 
-1.3050867646522084  -0.529390645512313   -1.8997826344555306 

0.6234081527162318   -1.4662130191522018  1.3187219061646291  
0.6008578737522874   -1.554292861935529   1.6645537584601995  
0.8247334695087221   -1.313948708472845   1.6368760603235781  

